# Camera parameter file. 

# The format of each camera is as follows:
# Filename (of the undistorted image in visualize folder)
# Original filename
# Focal Length (of the undistorted image)
# 2-vec Principal Point (image center)
# 3-vec Translation T (as in P = K[R T])
# 3-vec Camera Position C (as in P = K[R -RC])
# 3-vec Axis Angle format of R
# 4-vec Quaternion format of R
# 3x3 Matrix format of R
# [Normalized radial distortion] = [radial distortion] * [focal length]^2
# 3-vec Lat/Lng/Alt from EXIF

# The nubmer of cameras in this reconstruction
25

00000000.jpg
C:\Users\chin1\Desktop\final\masked\masked2.jpg
844.567321777
300 200
-0.651877054103 -0.154107493235 2.07291054637
0.892573080464 0.67543036357 -1.86889217805
-0.25778552538 0.123929435613 -0.0125441654785
0.98977126307 -0.128452992222 0.0617532997848 -0.00625068295931
0.992295053435 -0.00349130137555 0.1238491285
-0.0282382868463 0.966920865645 0.25350605534
-0.120637437607 -0.255050266088 0.959372693713
0.225304968198
0 0 0

00000001.jpg
C:\Users\chin1\Desktop\final\masked\masked3.jpg
886.680664063
300 200
-1.31437515886 0.483729678731 2.83612525309
1.76032085104 0.0878587242578 -2.62654383435
-0.206510297788 0.162130792485 -0.00276598371004
0.991394758766 -0.102958800144 0.0808327334736 -0.0013790225817
0.986928430437 -0.0139106042929 0.160558282812
-0.0193792273318 0.978794611585 0.203922607215
-0.159990310398 -0.204368652113 0.965731228815
0.16445674365
0 0 0

00000002.jpg
C:\Users\chin1\Desktop\final\masked\masked0.jpg
914.045166016
300 200
-0.529540583902 0.552347895775 3.21463897401
0.94317409436 0.0973321738588 -3.16549573558
-0.200764240191 0.128452608539 -0.00834647089372
0.99289893363 -0.100144400722 0.0640742070951 -0.00416335262195
0.991754646011 -0.00456575147555 0.128072297524
-0.0211009049902 0.979907805182 0.198333113712
-0.126404550067 -0.199399961031 0.971730718423
0.271072171675
0 0 0

00000003.jpg
C:\Users\chin1\Desktop\final\masked\masked5.jpg
710.250671387
300 200
-1.44191102849 -0.0717902829645 -0.199214117735
1.39344720963 0 0.426910250492
-0.250789452456 0.153104475132 -0.00510677392544
0.989224115339 -0.124943988786 0.0762770668249 -0.0025442086891
0.988350670514 -0.0140271628487 0.151546008667
-0.0240943332075 0.968764975041 0.246807061248
-0.150274447135 -0.247583365848 0.957141755914
0.158089816816
0 0 0

00000004.jpg
C:\Users\chin1\Desktop\final\masked\masked6.jpg
693.177307129
300 200
-1.96687017168 -0.134287849041 -0.371174049311
1.86873986179 0 0.729513942442
-0.256742604076 0.176346933124 -0.00422169436294
0.987895439035 -0.127852923433 0.0878174116042 -0.00210232332919
0.984567687625 -0.0183017428683 0.174046416107
-0.0266092453814 0.967298319623 0.252241384122
-0.172971265459 -0.252979895587 0.951883586617
0.103043019076
0 0 0

00000005.jpg
C:\Users\chin1\Desktop\final\masked\masked1.jpg
875.245422363
300 200
-0.350080459923 0.46723413596 2.40269852119
0.624751101339 0.0409625122306 -2.39203542226
-0.208774647966 0.113066594342 -0.0108583368998
0.992947203703 -0.104141800891 0.0564003286322 -0.00541639883214
0.993579382436 -0.000990895425916 0.113133259414
-0.0225036877239 0.978250336318 0.206203687055
-0.110876934999 -0.207425552877 0.971946878609
0.478582597806
0 0 0

00000006.jpg
C:\Users\chin1\Desktop\final\masked\masked11.jpg
1456.01342773
300 200
-2.05706002242 0.912750140811 12.5365409685
3.33548463377 1.22290841046 -12.2314530165
-0.17092372668 0.102944154648 -0.00439392326399
0.995025179 -0.0853200971247 0.0513866941917 -0.00219331725867
0.994709183849 -0.00440377338014 0.102636355809
-0.0131333969718 0.985431273969 0.169565797873
-0.101887862536 -0.170016781782 0.980159969555
-0.921633039666
0 0 0

00000007.jpg
C:\Users\chin1\Desktop\final\masked\masked10.jpg
776.588745117
300 200
-2.02240247212 0.154761435828 0.853098718121
2.10414428965 0.0387803471742 -0.642584733326
-0.232001182384 0.107991687583 -0.00920036965704
0.991814730133 -0.115683919432 0.0538484397244 -0.00458762671469
0.994158389091 -0.00335863939489 0.107876786512
-0.0215589424028 0.97319242152 0.228979996914
-0.105753916342 -0.229968064413 0.967435025026
0.207934926266
0 0 0

00000008.jpg
C:\Users\chin1\Desktop\final\masked\masked12.jpg
467.189483643
300 200
-2.25190078274 -0.180832934317 -4.51576371724
1.774075656 -0.991032614062 4.62237874171
-0.260010160987 0.104940963984 -0.0118433809007
0.990171389882 -0.129578877673 0.0522984651188 -0.0059022770462
0.994460123592 -0.00186502902365 0.105098480494
-0.0252420924888 0.966348919124 0.255993218567
-0.102039295088 -0.257227971053 0.960948482645
0.305827500984
0 0 0

00000009.jpg
C:\Users\chin1\Desktop\final\masked\masked14.jpg
990.172607422
300 200
-2.73362212021 2.22320269062 4.40079318706
3.19485815465 -1.98439592215 -4.19968558185
-0.0643301616641 0.113404474344 0.0128766538862
0.997855170714 -0.0321420813397 0.0566616924995 0.00643372324721
0.993496302013 -0.0164822890604 0.112666774659
0.0091974069763 0.997850840929 0.0648753237202
-0.113493876709 -0.0634172445292 0.991512623941
0.0476991459026
0 0 0

00000010.jpg
C:\Users\chin1\Desktop\final\masked\masked7.jpg
664.457458496
300 200
-2.19343351821 -0.210400026559 -0.877720503711
2.00686431243 -0.070941297304 1.26224984546
-0.262261286891 0.172880698479 -0.000757767984031
0.987691694502 -0.130592202017 0.0860854126365 -0.000377328239427
0.985178326394 -0.0217388164447 0.170150239686
-0.0232295523174 0.965891096613 0.257904688772
-0.169953148629 -0.258034644422 0.951070110543
0.214637651888
0 0 0

00000011.jpg
C:\Users\chin1\Desktop\final\masked\masked9.jpg
635.9375
300 200
-1.9147076134 -0.510755680318 -1.47018175602
1.72791879197 0.0629382900321 1.76032531619
-0.285715506447 0.113049409885 -0.00945355672591
0.988210411334 -0.142295899344 0.056302395519 -0.00470818813105
0.993615908643 -0.0067178420489 0.11261715123
-0.0253285641674 0.959459539657 0.280706432493
-0.10993730251 -0.281766724394 0.953163819978
0.0845278106018
0 0 0

00000012.jpg
C:\Users\chin1\Desktop\final\masked\masked15.jpg
824.505249023
300 200
-2.71600698537 2.04593890646 1.72581840978
2.84996423332 -1.9516812776 -1.6154418745
-0.0794405571437 0.0966650015116 0.0138639913863
0.998019766008 -0.039694056627 0.0483005933218 0.00692741943097
0.995237992465 -0.0176619216464 0.0958599260382
0.00999288443172 0.99675303564 0.0799001398071
-0.0969598613419 -0.0785616726202 0.992182785263
0.0429728866604
0 0 0

00000013.jpg
C:\Users\chin1\Desktop\final\masked\masked4.jpg
746.762573242
300 200
-1.43515841261 0.0873980357378 0.492636184131
1.49477245119 0.0137176713826 -0.274727601032
-0.239549920239 0.153764458438 -0.00581636012139
0.989884404871 -0.119370822105 0.0766228174734 -0.00289836744114
0.988241162328 -0.0125549685627 0.152387408044
-0.024031163481 0.971484195679 0.235882435193
-0.151003520253 -0.236770825601 0.959759182023
0.175829071096
0 0 0

00000014.jpg
C:\Users\chin1\Desktop\final\masked\masked8.jpg
619.852661133
300 200
-3.12496918695 -0.198644420688 -1.45982550528
2.70137424065 -0.294700692622 2.13347515282
-0.262060544634 0.23318621326 0.00598770353123
0.984653445699 -0.130359296296 0.115996060029 0.00297852093626
0.973071856303 -0.0361079846219 0.227655284063
-0.02437674101 0.965995209553 0.257408471583
-0.229208396716 -0.256026449524 0.939102566653
0.0859363703514
0 0 0

00000015.jpg
C:\Users\chin1\Desktop\final\masked\masked13.jpg
968.330078125
300 200
-0.25900220764 0.0625972985033 3.7962095726
-0.0101997390946 0.837124394092 -3.71232078537
-0.237672580761 -0.0690139814676 -0.0225125661792
0.992290187476 -0.118530731279 -0.0344182642593 -0.0112273402495
0.997378730044 0.0304407884867 -0.0656442419543
-0.0141223297575 0.971648809337 0.236006615274
0.0709673816237 -0.234460910976 0.969531725267
0.26496341466
0 0 0

00000016.jpg
C:\Users\chin1\Desktop\final\masked\masked18.jpg
1138.88964844
300 200
-1.20135708364 2.96597665831 6.38242685975
0.749659794626 -2.92119424029 -6.47149761612
-0.00669977866202 -0.0710518962781 -0.00174700280615
0.999363030352 -0.00334917804153 -0.0355184048351 -0.00087331593057
0.997475363432 0.00198343413105 -0.0709857178587
-0.00150760448827 0.999976025278 0.00675612740195
0.0709974048985 -0.00663205146512 0.997454477027
0
0 0 0

00000017.jpg
C:\Users\chin1\Desktop\final\masked\masked17.jpg
1598.98828125
300 200
-1.94925505053 1.06712991427 14.4317407373
1.94396371201 1.26880446937 -14.4161246494
-0.161034732982 -0.000336868147833 -0.00417474592077
0.99675803593 -0.080430336201 -0.000168252015474 -0.0020851167431
0.999991225202 0.00418377814262 -6.93889390391e-018
-0.00412964933552 0.987053255247 0.160339873843
0.000670826193941 -0.160338461921 0.987061848314
0
0 0 0

00000018.jpg
C:\Users\chin1\Desktop\final\masked\masked16.jpg
2417.0234375
300 200
-2.83783646762 2.06739602535 28.2650908422
5.43105946966 3.33066907388e-016 -27.9597282455
-0.0749235324062 0.092502755553 0.00999996324509
0.998216746685 -0.0374394956151 0.0462238818657 0.00499700919113
0.995676768133 -0.0134373949063 0.0919087356681
0.00651499812536 0.997146656995 0.0752074322449
-0.0926570762326 -0.0742834937967 0.99292326832
0
0 0 0

00000019.jpg
C:\Users\chin1\Desktop\final\masked\masked26.jpg
742.064147949
300 200
-1.69932014114 1.50338092619 0.2009337911
1.66208330628 -1.41825745883 -0.643616756696
-0.133551278026 -0.146443619395 -0.0169257991443
0.995058051687 -0.0666656021439 -0.0731011504448 -0.00844895390291
0.989169666113 0.0265610644093 -0.14435326421
-0.00706773402843 0.990968609914 0.133907546811
0.146606289141 -0.131437029924 0.980423828885
0
0 0 0

00000020.jpg
C:\Users\chin1\Desktop\final\masked\masked24.jpg
1338.94177246
300 200
-0.902317259409 1.12453062107 10.1421590398
-0.903920885004 0.534259203415 -10.1901731907
-0.162337604974 -0.178388092173 -0.0559833528086
0.99234603487 -0.0809616088967 -0.0889663670512 -0.0279202241251
0.982610864788 0.0698187686233 -0.172049914109
-0.0410073261897 0.985331339709 0.16565178086
0.181091772211 -0.155715945402 0.971060407191
0
0 0 0

00000021.jpg
C:\Users\chin1\Desktop\final\masked\masked27.jpg
481.891418457
300 200
-4.65507333085 0.833750908629 -4.01119924513
4.33893014288 -1.72011488687 4.08282447573
-0.186992532267 0.0689704574929 0.0281539488432
0.994939810726 -0.0933385099347 0.0344270418388 0.0140532223503
0.997234595495 -0.0343909598474 0.0658822549253
0.0215374816939 0.982180881149 0.186700021674
-0.0711290830384 -0.184764775957 0.980205431228
0
0 0 0

00000022.jpg
C:\Users\chin1\Desktop\final\masked\masked28.jpg
1375.26782227
300 200
0.109893528883 -3.77648043745 11.0475259146
-3.56901379739 8.80736987888 -6.78336865452
-0.558073936668 -0.326983813198 -0.0669359718775
0.947608307532 -0.274146658961 -0.160626601661 -0.0328814371158
0.94623579588 0.150387938049 -0.286393528853
0.0257530461504 0.847524817532 0.530130576443
0.322450879726 -0.509004029612 0.798085404606
0
0 0 0

00000023.jpg
C:\Users\chin1\Desktop\final\masked\masked29.jpg
533.69732666
300 200
-0.152014173021 0.997833256857 -2.2276619446
0.888041795665 -1.34327685527 1.84071904288
-0.177682127774 -0.335092557021 -0.0388258006178
0.98188428532 -0.0883039400485 -0.166533311125 -0.0192955319314
0.943788675517 0.0673030552709 -0.323625152346
-0.00848086305036 0.983660204136 0.179835206757
0.330440612358 -0.166981797504 0.928938119379
0
0 0 0

00000024.jpg
C:\Users\chin1\Desktop\final\masked\masked31.jpg
1477.24414063
300 200
-0.454962118071 -0.749804258086 13.4812375454
-3.86111055256 4.67336384322 -12.0732955303
-0.310020996988 -0.319158221873 -0.0609661997623
0.974894277486 -0.15371109739 -0.158241412684 -0.030227570262
0.948091925891 0.10758429281 -0.299244668098
-0.0102904482731 0.95091839479 0.309270649015
0.317829922649 -0.290137627911 0.902665088415
0
0 0 0

