# Bundle file v0.3
35 79
833.825317383 0 0
0.0598692623182 -0.984811594485 0.162980620397
-0.749631022123 -0.152171051824 -0.644125684067
0.659143132002 -0.083611941669 -0.747355478739
0.669868444009 0.61423220658 0.296967714172
801.982421875 0 0
0.0457682360387 -0.983319764957 0.176031190697
-0.75081913664 -0.150095469921 -0.643227972867
0.658920219168 -0.102728178742 -0.745164841817
-0.0654477733162 0.596011711021 0.986637895226
927.992431641 0 0
0.0435378019318 -0.981124170442 0.188415114035
-0.749005112203 -0.156859209962 -0.64372932544
0.66113269938 -0.113097218751 -0.741695990539
0.164030044804 0.607471009864 -0.942484615323
992.025024414 0 0
0.0387768190058 -0.98158677734 0.187040898335
-0.752383400246 -0.151861262545 -0.640982743256
0.657583908165 -0.115870995404 -0.744417768963
-0.0199771127729 0.556526105799 -1.8641937116
947.011230469 0 0
0.0805521060233 -0.986995550757 0.139108759747
-0.751004420904 -0.151860728188 -0.642596975252
0.6553657692 -0.0527088305258 -0.753470989257
0.342578849252 0.581727866337 -1.08942786847
2636.32128906 0 0
0.136071049559 -0.988601353795 0.0644484627477
-0.768325411631 -0.146373072265 -0.623098441972
0.625429003737 0.03526832028 -0.779484226962
1.24630435901 0.267815022161 -24.8275810363
1935.96838379 0 0
0.11286115636 -0.988661738268 0.0990516658793
-0.686536158882 -0.149658044006 -0.711526567474
0.718282699504 0.0123011661469 -0.695642212341
0.376781961064 1.7078908893 -14.623409025
3452.99462891 0 0
0.121976240436 -0.988361382446 0.0909052343679
-0.684767370231 -0.150100133482 -0.713136331452
0.718481414029 0.0247366866537 -0.695106409555
0.377654421568 1.74441619338 -35.2573657934
4479.06884766 0 0
0.115424717464 -0.989096622635 0.091463637463
-0.737451800014 -0.147016429122 -0.659204847186
0.665463677982 0.00863854495797 -0.74638016909
0.247958788601 0.836066770402 -49.4215373106
1909.58703613 0 0
0.184798967854 -0.982744295392 0.00793126594155
-0.771473290722 -0.15006088205 -0.618312742538
0.608833500683 0.108144827818 -0.785892133665
1.4020837647 0.20622354599 -13.9863930596
856.227355957 0 0
0.116812517112 -0.988430607602 0.0967486900465
-0.744716612724 -0.15162616301 -0.649928297073
0.657078296437 0.00386943459308 -0.753812144352
1.22565393435 0.690093402098 0.0319924403413
626.383178711 0 0
0.136966661709 -0.988175308404 0.0689145373814
-0.775029452941 -0.150229920383 -0.613808016117
0.616903087712 0.0306603739582 -0.786441633294
0.0157280294658 0.110912471052 2.9911257229
1974.73339844 0 0
0.206267245688 -0.978185928292 -0.0246130595072
-0.82347452544 -0.159947042979 -0.544340477445
0.52852956492 0.132547800857 -0.838503309665
1.054649442 -0.914431560596 -15.4009661725
1329.9630127 0 0
0.174795613863 -0.984604770966 -5.55111512313e-017
-0.848884030419 -0.150701291554 -0.506640721133
0.498840980352 0.0885585906957 -0.862157274299
0.446921905212 -1.4698726837 -6.55033760618
553.410949707 0 0
-0.0532745502711 -0.962204782588 0.267065217827
-0.690751238195 -0.157626758354 -0.70570283038
0.721127255303 -0.222071631542 -0.656246640874
-1.18432351481 1.66002139846 3.94018434238
2135.36889648 0 0
0.128565850416 -0.989063979965 0.072272089998
-0.841637928888 -0.147366225368 -0.519546770451
0.524515458391 0.00596903201093 -0.851380015789
0.0821340217175 -1.26185038604 -17.5435776334
4809.90527344 0 0
0.100049337192 -0.988659509656 0.111993227965
-0.847660594846 -0.143634574896 -0.510725594779
0.521019809271 -0.043834489218 -0.852418239073
0.358840269216 -1.38836380373 -54.0836729944
866.067687988 0 0
0.142420463481 -0.989118536509 0.0368900736815
-0.846380326136 -0.141022001254 -0.513568988653
0.513182952603 0.0419196909256 -0.857254936823
0.241116512853 -1.35342646219 0.101644245714
825.640563965 0 0
0.160637174176 -0.986742872148 0.0231115931852
-0.771965085096 -0.140194339229 -0.620012433855
0.615033002656 0.0817557052228 -0.78425151526
0.9647963117 0.214327997203 0.400517016541
2670.55712891 0 0
0.100523650848 -0.990515798062 0.0936667896188
-0.897889063175 -0.130870232706 -0.420319160024
0.428590957245 -0.041850366388 -0.902528831019
-1.33265003845 -2.66878831227 -24.6392975425
575.217773438 0 0
0.271100680311 -0.957762016953 -0.0958973595209
-0.752193516801 -0.14863601722 -0.6419597068
0.600590843326 0.246169063225 -0.760717726541
1.6366579468 0.480747204943 3.35381302342
346.800689697 0 0
0.395499910555 -0.875979082427 -0.276116719661
-0.755968049313 -0.139732616039 -0.639521024289
0.521624503754 0.461665917577 -0.717476403346
3.48198112233 0.367762947661 5.60901087878
411.708312988 0 0
0.269835996755 -0.941384028804 -0.202446640093
-0.807161419254 -0.106493646778 -0.580645788978
0.525051413505 0.320086247333 -0.788584711305
1.92806660374 -0.579737135498 5.07070679428
1071.11560059 0 0
0.174305869078 -0.982457621152 -0.0662905053959
-0.936936012303 -0.14476530586 -0.31810990263
0.302932938255 0.1175583784 -0.945733385009
0.232899896634 -3.98793371196 -3.35419306618
823.079101563 0 0
0.149232479512 -0.988790466461 0.0048001686018
-0.883734429298 -0.13555147608 -0.447927715953
0.443557337266 0.0626032928698 -0.894056870762
-0.493862555689 -2.34944318427 -0.0254519211319
2507.56298828 0 0
0.198987991264 -0.978835108393 -0.0478085983362
-0.927688657026 -0.172415799154 -0.331159386572
0.315907456623 0.110248244577 -0.942362864437
0.517275348237 -3.76129073997 -22.0832425403
461.648834229 0 0
0.37714261628 -0.875516661663 -0.302049625247
-0.8391690433 -0.185046618516 -0.511422617794
0.391865761767 0.446349962882 -0.804495461058
3.28117920491 -1.45480111738 3.97827522158
2356.14355469 0 0
0.17713951485 -0.984123656176 -0.0110575862531
-0.886152340555 -0.154596566276 -0.436845427719
0.428200467755 0.0871812954467 -0.899468633459
-0.708027864913 -2.47413711546 -20.7024768342
5714.58789063 0 0
0.167517334105 -0.98586229073 -0.0036686365318
-0.901288975519 -0.151636535069 -0.405813382709
0.399519830584 0.0712872873769 -0.913948580937
-1.04178473451 -2.85802618979 -65.0985846915
1936.14196777 0 0
0.154576222138 -0.987620086736 -0.0266964062697
-0.898428750954 -0.129272699592 -0.419659752897
0.411013328024 0.0888542340937 -0.90728882255
-0.951705911146 -2.71640285842 -14.5303213457
741.886352539 0 0
0.156697959455 -0.985021930701 -0.0719551009069
-0.872535024871 -0.103932058031 -0.477368580139
0.462740087617 0.137586030914 -0.87575208826
0.418586109424 -2.00769653658 1.48018283543
1762.43518066 0 0
0.295919969907 -0.94842363896 -0.113683555481
-0.640251687216 -0.108614826199 -0.760447621709
0.708878806257 0.297817719664 -0.639371142805
0.59314065847 2.40208373475 -13.2113431967
981.499389648 0 0
0.256550636969 -0.962347800405 -0.0898244700347
-0.831623601168 -0.172428179943 -0.527892707551
0.492528112911 0.210131367516 -0.844547701308
-0.257790564659 -1.26786886061 -2.66724974831
3501.76782227 0 0
0.193308672169 -0.980813833878 -0.0252194005494
-0.884187738644 -0.163008434274 -0.437767426734
0.425257339499 0.106922935174 -0.898734462735
-1.25753838588 -2.43524656293 -36.3247929631
561.296081543 0 0
0.335623898896 -0.898925741193 -0.281583323717
-0.815221432687 -0.12740057707 -0.564962921456
0.47198580664 0.419167820049 -0.775582174806
1.97813303198 -0.823736666916 2.53693376383
-7.1892647128 1.27217232105 9.64028052375
255 255 255
15 0 3 39.2679443359 -28.2956390381 1 4 3.25894165039 -28.4843597412 3 4 18.2195739746 -29.5207214355 5 3 -27.8335876465 -28.1988372803 6 5 -53.1187744141 -29.7710266113 8 4 -69.6419830322 -28.9074554443 11 4 -107.714187622 -35.282699585 13 3 -148.736663818 -31.3669128418 14 3 38.7005615234 -29.2297973633 15 3 -101.557510376 -29.4568939209 16 6 -37.9068603516 -29.5112304688 22 2 -219.142822266 -33.4623260498 23 2 -211.303039551 -34.0565338135 24 4 -197.060592651 -34.0959014893 31 3 -276.964019775 -32.9817810059
-6.85727134691 0.427297619367 9.67832743811
255 255 255
34 0 12 103.003082275 -37.6365509033 1 9 67.5888977051 -39.6246490479 2 14 92.6900939941 -39.2651519775 3 10 81.3558349609 -38.9978942871 4 11 52.4913330078 -40.5129394531 5 12 36.8884887695 -40.0116729736 6 11 10.6020202637 -40.9180908203 7 8 0.447021484375 -40.1303100586 8 12 -5.83685302734 -41.3782501221 9 9 -16.1238098145 -42.9069213867 10 10 68.263885498 -39.370803833 11 10 -48.3021240234 -42.9774017334 12 10 -75.6295776367 -46.9518432617 13 15 -85.7886810303 -46.3796234131 14 12 102.262237549 -40.0375823975 15 9 -38.0673217773 -42.9421539307 16 13 25.5209960938 -40.4804382324 17 9 -59.4470825195 -43.4007263184 18 11 -24.2987976074 -43.0020446777 19 15 -113.717071533 -49.4306793213 20 9 -113.226226807 -48.8192138672 21 15 -167.472595215 -51.3116149902 22 12 -157.178253174 -51.5070343018 23 11 -149.140655518 -51.8622894287 24 10 -134.989578247 -50.9049224854 25 12 -130.04788208 -51.0664367676 26 10 -190.569824219 -53.3958587646 27 14 -179.559875488 -51.8190307617 28 12 -198.635070801 -51.9939727783 30 10 -130.122970581 -50.5618591309 31 14 -214.997070313 -52.232925415 32 12 -229.156829834 -52.6464996338 33 14 -237.212249756 -52.9203338623 34 12 -241.904205322 -55.681854248
-9.11595905857 0.0376087192462 7.87081491445
0 0 0
35 0 14 97.7121276855 170.597625732 1 11 63.3012084961 170.657623291 2 17 86.9708557129 168.84034729 3 13 76.782043457 169.586471558 4 12 48.940826416 169.644515991 5 14 33.1709289551 170.017913818 6 16 6.67477416992 169.168670654 7 12 -3.94833374023 169.684051514 8 14 -9.38003540039 169.492004395 9 12 -19.0267333984 169.517242432 10 12 63.2351379395 168.899108887 11 15 -51.6146850586 168.057250977 12 17 -78.3330535889 166.891372681 13 18 -87.7400665283 166.736968994 14 13 96.911529541 169.876541138 15 12 -41.1206054688 169.044525146 16 15 21.3614501953 169.785140991 17 11 -62.8698425293 168.765640259 18 13 -28.4660949707 168.90045166 19 17 -116.034118652 165.032241821 20 13 -116.683731079 162.305664063 21 21 -169.163894653 161.230072021 22 16 -159.486984253 162.092407227 23 14 -151.305541992 161.509674072 24 14 -137.408279419 161.301483154 25 15 -132.425689697 161.292221069 26 12 -192.147644043 159.915008545 27 16 -181.968780518 160.62361145 28 14 -199.788879395 159.107330322 29 13 -202.263458252 160.811859131 30 13 -133.167236328 161.199615479 31 16 -216.59866333 160.521026611 32 14 -230.56918335 158.23550415 33 16 -238.483230591 158.367202759 34 14 -242.7943573 157.872955322
-7.39103294194 1.045298908 9.39414477431
254 254 254
35 0 18 52.2005004883 -3.7003326416 1 16 16.3759460449 -4.48860168457 2 24 42.0096130371 -4.96223449707 3 19 30.2769470215 -4.86868286133 5 18 -14.003326416 -4.95628356934 6 18 -41.0649108887 -5.40399169922 7 14 -51.1758880615 -5.12657165527 9 18 -67.6033325195 -5.07067871094 8 30 -56.0696411133 -3.5414276123 10 15 16.5791320801 -5.06001281738 11 21 -99.2003173828 -5.65048217773 12 31 -126.108215332 -6.96588134766 13 22 -136.068206787 -8.42816162109 4 29 2.22946166992 -3.16232299805 14 25 52.018157959 -3.3376159668 15 16 -88.9650115967 -5.40376281738 16 19 -25.4497375488 -5.51715087891 17 15 -110.945999146 -5.16305541992 18 21 -75.7171630859 -5.14137268066 19 22 -164.007003784 -8.65936279297 20 16 -163.680725098 -10.5171356201 21 28 -217.265106201 -10.7893676758 22 21 -206.877761841 -10.4025115967 23 19 -198.861938477 -11.4207000732 24 18 -184.060745239 -11.0729370117 25 20 -179.768035889 -11.3449707031 26 30 -238.17137146 -11.2930297852 27 25 -228.536865234 -11.5786437988 28 28 -246.255355835 -10.4004516602 29 22 -249.830383301 -10.9492645264 30 19 -180.986541748 -11.2411651611 31 24 -263.106536865 -10.076385498 32 17 -276.747528076 -11.0441894531 33 20 -283.921905518 -10.804397583 34 16 -287.776000977 -11.3964080811
-6.96651712548 -3.44420789497 7.60402185819
0 0 0
7 19 38 153.860992432 75.9266891479 32 33 52.1730651855 72.2196502686 22 34 117.150756836 73.4213104248 28 39 80.5249938965 72.2008056641 33 33 43.848236084 72.0925750732 34 26 38.275177002 71.42918396 27 39 97.0163879395 73.0035171509
-7.68832743392 -0.392610025272 9.33262195166
254 254 254
25 0 24 150.754760742 31.0963134766 1 20 116.67590332 30.0673828125 2 33 140.673919678 30.886138916 3 26 129.175750732 29.7345275879 4 28 101.317626953 29.3819274902 5 24 86.330078125 29.2741394043 6 29 59.1853637695 28.8546905518 7 26 49.1748046875 29.5076446533 8 29 42.9546508789 28.8236999512 11 26 0.552062988281 27.3549346924 12 34 -26.9456176758 25.1931152344 13 25 -36.1434326172 25.0166320801 14 26 150.278381348 30.7253723145 16 29 74.9791870117 29.316116333 17 19 -10.1157226563 27.9227600098 18 24 24.6591186523 28.883895874 20 26 -65.7227172852 22.5090484619 23 25 -101.359313965 20.6422271729 24 23 -87.0898132324 20.9623413086 25 29 -81.6307373047 21.0170288086 26 33 -142.921539307 21.00440979 29 30 -155.112014771 20.838470459 31 23 -168.840377808 19.2459259033 32 20 -183.164764404 18.1755065918 33 24 -191.469268799 18.939956665
-5.68191886549 0.978584143676 10.8666142946
0 0 0
16 0 25 81.7696533203 -162.235107422 1 33 45.1558227539 -163.925048828 2 25 71.3028869629 -162.566711426 4 39 30.834197998 -164.073699951 6 34 -11.4739685059 -163.918945313 7 27 -21.5454101563 -162.901855469 8 39 -27.876159668 -164.097564697 9 25 -38.2123718262 -164.204620361 10 24 45.3921203613 -163.678741455 11 38 -69.9402923584 -163.943511963 13 29 -108.089630127 -166.636322021 15 26 -60.1539001465 -164.727844238 16 31 3.17938232422 -164.27154541 17 27 -81.6244659424 -164.731994629 32 28 -247.493179321 -168.119476318 33 27 -255.357376099 -168.065734863
-6.66685103727 0.0646075449411 10.0261749485
254 254 254
28 0 37 131.509216309 -61.2250366211 1 27 97.1794128418 -62.6246032715 2 32 122.140472412 -62.9987792969 3 28 110.76663208 -62.847442627 4 36 82.4238586426 -62.7455749512 6 33 40.8024902344 -62.7198791504 7 28 30.8821411133 -62.8923339844 8 32 24.5094299316 -63.0706787109 9 29 14.2280273438 -62.7318725586 11 42 -18.9245910645 -61.6894226074 12 41 -45.1819610596 -65.2312011719 13 33 -55.5329742432 -65.1325683594 14 20 133.078063965 -65.0314941406 15 28 -7.79067993164 -63.1089477539 19 31 -83.0451202393 -66.7201538086 21 36 -137.395004272 -68.8790588379 22 29 -126.886260986 -68.7138366699 23 21 -117.668395996 -70.6420593262 24 17 -103.348999023 -70.3930053711 25 30 -99.2602233887 -68.9495849609 26 25 -159.812149048 -70.676574707 27 34 -149.271774292 -69.1704711914 28 36 -168.796676636 -68.9230651855 29 29 -171.423019409 -69.205871582 30 23 -99.4494628906 -69.008026123 31 33 -185.143829346 -69.1588439941 32 25 -199.370376587 -69.383972168 33 17 -207.184295654 -70.8314819336
-6.87459648197 0.015670990896 9.90291309457
254 254 254
29 0 45 132.920623779 -43.9048919678 1 45 98.7260742188 -44.2976531982 4 64 82.5219726563 -45.4178466797 5 41 68.999206543 -43.1882324219 7 58 30.4149475098 -44.702331543 8 45 27.0419616699 -43.0813140869 9 56 14.6890563965 -45.1664886475 10 56 97.6796875 -45.4308166504 11 53 -17.491973877 -45.104598999 12 48 -43.1167602539 -46.8356170654 13 57 -55.4601593018 -47.5623931885 14 37 133.726074219 -44.2490844727 15 55 -7.45660400391 -45.42918396 16 54 55.6695556641 -45.2661895752 17 46 -28.3874206543 -45.2076873779 19 60 -83.2245483398 -48.4217681885 20 37 -81.2355041504 -48.1719055176 21 59 -137.185333252 -51.0922851563 23 38 -116.876205444 -49.664642334 24 46 -104.312484741 -51.3358154297 25 48 -99.2216339111 -51.1443481445 26 50 -160.193389893 -52.0968017578 27 48 -148.96937561 -50.8308563232 28 58 -168.384078979 -51.3976593018 29 47 -171.030944824 -50.876953125 30 40 -99.0032958984 -50.871673584 31 52 -185.353179932 -51.3730316162 32 38 -198.094970703 -49.9117431641 34 40 -213.314804077 -52.5289154053
-6.82736555497 0.0146144166363 9.8377823027
254 254 254
29 0 46 132.920623779 -43.9048919678 1 46 98.7260742188 -44.2976531982 4 63 82.5219726563 -45.4178466797 7 59 30.4149475098 -44.702331543 9 55 14.6890563965 -45.1664886475 5 42 68.999206543 -43.1882324219 10 55 97.6796875 -45.4308166504 11 52 -17.491973877 -45.104598999 12 49 -43.1167602539 -46.8356170654 8 46 27.0419616699 -43.0813140869 13 58 -55.4601593018 -47.5623931885 15 56 -7.45660400391 -45.42918396 16 55 55.6695556641 -45.2661895752 17 45 -28.3874206543 -45.2076873779 19 59 -83.2245483398 -48.4217681885 20 38 -81.2355041504 -48.1719055176 21 58 -137.185333252 -51.0922851563 23 39 -116.876205444 -49.664642334 24 45 -104.312484741 -51.3358154297 25 47 -99.2216339111 -51.1443481445 26 49 -160.193389893 -52.0968017578 27 47 -148.96937561 -50.8308563232 28 57 -168.384078979 -51.3976593018 29 46 -171.030944824 -50.876953125 30 39 -99.0032958984 -50.871673584 31 51 -185.353179932 -51.3730316162 32 39 -198.094970703 -49.9117431641 33 35 -205.110687256 -48.9137573242 34 39 -213.314804077 -52.5289154053
-6.92231496459 -0.00343126225203 9.9499991855
254 254 254
2 0 41 134.13394165 -43.0843658447 27 41 -147.712005615 -49.5408172607
-6.1703100621 0.372209507305 10.3377778732
0 0 0
34 0 53 116.061309814 -106.502258301 1 48 81.0024719238 -107.405761719 2 59 106.172607422 -107.464050293 3 46 95.1491699219 -107.408538818 4 59 67.1799621582 -107.416809082 5 48 51.1460876465 -107.415679932 6 47 23.1133728027 -105.833435059 7 52 15.1704101563 -107.367126465 8 58 9.1393737793 -107.306884766 9 53 -0.985778808594 -108.261688232 10 48 82.0731811523 -107.379119873 11 59 -33.8458251953 -107.367401123 12 63 -60.8378753662 -111.371398926 13 43 -72.8696289063 -108.995422363 14 48 116.075134277 -107.43069458 15 53 -22.8682250977 -108.290740967 17 48 -44.9326934814 -108.333404541 18 41 -9.86071777344 -108.30090332 19 63 -98.7771606445 -111.463775635 20 42 -97.9853973389 -112.201873779 21 62 -152.981246948 -114.315795898 22 57 -141.842285156 -114.404174805 23 50 -133.798965454 -114.315216064 24 47 -119.856689453 -114.400665283 25 49 -114.974609375 -114.255249023 26 53 -174.727630615 -114.37286377 27 49 -164.905578613 -114.216033936 28 61 -183.711898804 -113.373931885 29 54 -186.855895996 -114.301116943 30 43 -114.995056152 -114.194519043 31 53 -200.725128174 -113.487030029 32 43 -213.785171509 -113.326599121 33 57 -222.692077637 -113.448944092 34 36 -226.840545654 -114.227935791
-6.1703100621 0.372209507305 10.3377778732
0 0 0
35 0 54 116.061309814 -106.502258301 1 49 81.0024719238 -107.405761719 2 60 106.172607422 -107.464050293 3 47 95.1491699219 -107.408538818 4 60 67.1799621582 -107.416809082 5 49 51.1460876465 -107.415679932 6 53 25.2701721191 -107.45892334 7 51 15.1704101563 -107.367126465 8 59 9.1393737793 -107.306884766 9 54 -0.985778808594 -108.261688232 10 49 82.0731811523 -107.379119873 11 60 -33.8458251953 -107.367401123 12 62 -60.8378753662 -111.371398926 13 55 -70.6904754639 -110.394561768 14 49 116.075134277 -107.43069458 15 54 -22.8682250977 -108.290740967 16 57 39.3639526367 -107.631835938 17 49 -44.9326934814 -108.333404541 18 42 -9.86071777344 -108.30090332 19 64 -98.7771606445 -111.463775635 20 43 -97.9853973389 -112.201873779 21 63 -152.981246948 -114.315795898 22 56 -141.842285156 -114.404174805 23 51 -133.798965454 -114.315216064 24 48 -119.856689453 -114.400665283 25 50 -114.974609375 -114.255249023 26 54 -174.727630615 -114.37286377 27 50 -164.905578613 -114.216033936 28 62 -183.711898804 -113.373931885 29 53 -186.855895996 -114.301116943 30 44 -114.995056152 -114.194519043 31 54 -200.725128174 -113.487030029 32 44 -213.785171509 -113.326599121 33 58 -222.692077637 -113.448944092 34 37 -226.840545654 -114.227935791
-7.72955962299 2.1113745823 6.90503441331
0 0 0
3 4 41 -115.064437866 133.252471924 6 44 -142.133483887 132.549407959 7 42 -148.233917236 132.715789795
-5.86189506186 1.34189542897 10.9474626109
254 254 254
17 0 64 55.5057373047 -157.577056885 1 61 19.5455627441 -157.280334473 2 79 44.5458068848 -159.21105957 3 65 33.4526977539 -158.103546143 4 74 4.48745727539 -159.027984619 6 64 -37.5096740723 -159.235961914 7 75 -47.5176696777 -158.413574219 8 67 -53.8384552002 -160.560821533 9 79 -64.4736022949 -161.028656006 10 69 19.5104370117 -158.561462402 11 80 -96.4424438477 -158.059417725 12 72 -123.038848877 -164.830841064 14 58 54.5031738281 -158.589111328 15 74 -85.5091247559 -160.222473145 16 64 -22.8378295898 -161.40145874 17 70 -107.607376099 -160.824310303 18 62 -72.5401306152 -160.995422363
-6.22217576404 0.353556832472 10.4283452557
28 28 28
20 0 65 117.266845703 -107.294128418 1 62 82.2682800293 -108.292541504 4 71 68.2890930176 -108.273895264 6 58 26.2673339844 -108.260406494 8 69 10.266784668 -108.258209229 9 69 0.279632568359 -109.297088623 11 74 -32.7350158691 -108.292053223 14 61 117.258087158 -108.294616699 15 67 -21.721282959 -109.283905029 16 69 40.2825012207 -108.273223877 18 55 -8.71752929688 -109.244171143 19 75 -97.7522735596 -112.361297607 21 77 -151.725891113 -115.263519287 23 63 -132.732650757 -115.274871826 26 60 -174.18711853 -114.831695557 27 66 -163.731613159 -115.256439209 28 74 -182.716400146 -114.26550293 31 61 -199.738952637 -114.273132324 32 64 -212.741867065 -114.270782471 33 71 -221.749740601 -114.266601563
-6.22217576404 0.353556832472 10.4283452557
28 28 28
18 0 66 117.266845703 -107.294128418 1 63 82.2682800293 -108.292541504 4 72 68.2890930176 -108.273895264 6 59 26.2673339844 -108.260406494 8 70 10.266784668 -108.258209229 9 70 0.279632568359 -109.297088623 11 73 -32.7350158691 -108.292053223 14 62 117.258087158 -108.294616699 15 66 -21.721282959 -109.283905029 16 70 40.2825012207 -108.273223877 18 54 -8.71752929688 -109.244171143 21 78 -151.725891113 -115.263519287 23 62 -132.732650757 -115.274871826 27 67 -163.731613159 -115.256439209 28 75 -182.716400146 -114.26550293 31 62 -199.738952637 -114.273132324 32 63 -212.741867065 -114.270782471 33 72 -221.749740601 -114.266601563
-5.76206084009 1.57975314456 10.8965213791
28 28 28
2 0 70 38.5002746582 -164.254882813 1 71 2.50115966797 -165.251342773
-7.19197340049 0.717720462777 9.24852682119
0 0 0
26 0 4 75.7649536133 -2.38444519043 2 4 65.8028259277 -4.27380371094 4 4 25.7588500977 -5.59461975098 5 4 10.1057434082 -5.33340454102 8 5 -32.9379577637 -6.65579223633 10 4 40.6874694824 -4.57908630371 11 5 -75.0213623047 -8.94364929199 12 4 -102.136383057 -12.6306152344 13 5 -112.002639771 -12.4929504395 16 7 -1.29275512695 -6.59042358398 17 3 -86.4061889648 -9.82664489746 18 4 -51.2288513184 -8.1067199707 19 4 -139.936584473 -13.184753418 21 4 -193.44241333 -18.0559997559 22 3 -182.737884521 -15.7864990234 23 3 -174.812713623 -16.7108612061 24 5 -160.62701416 -16.8085632324 25 3 -155.861236572 -17.2247009277 27 2 -205.225189209 -18.5388641357 28 2 -223.580108643 -17.8074645996 29 3 -226.4503479 -17.171875 30 3 -156.748718262 -16.7230834961 31 4 -239.836700439 -17.1100158691 32 6 -253.739471436 -19.1256256104 33 7 -261.422576904 -18.34715271 34 4 -265.776855469 -18.5859375
-7.19197340049 0.717720462777 9.24852682119
0 0 0
26 0 5 75.7649536133 -2.38444519043 2 5 65.8028259277 -4.27380371094 4 5 25.7588500977 -5.59461975098 5 5 10.1057434082 -5.33340454102 8 6 -32.9379577637 -6.65579223633 10 5 40.6874694824 -4.57908630371 11 6 -75.0213623047 -8.94364929199 12 5 -102.136383057 -12.6306152344 13 6 -112.002639771 -12.4929504395 16 8 -1.29275512695 -6.59042358398 17 4 -86.4061889648 -9.82664489746 18 5 -51.2288513184 -8.1067199707 19 5 -139.936584473 -13.184753418 21 5 -193.44241333 -18.0559997559 22 4 -182.737884521 -15.7864990234 23 4 -174.812713623 -16.7108612061 24 6 -160.62701416 -16.8085632324 25 4 -155.861236572 -17.2247009277 27 3 -205.225189209 -18.5388641357 28 3 -223.580108643 -17.8074645996 29 4 -226.4503479 -17.171875 30 4 -156.748718262 -16.7230834961 31 5 -239.836700439 -17.1100158691 32 7 -253.739471436 -19.1256256104 33 8 -261.422576904 -18.34715271 34 5 -265.776855469 -18.5859375
-7.51718833106 2.07764327722 6.76987106118
0 0 0
2 1 37 -107.546981812 134.451660156 6 42 -141.461853027 132.451797485
-5.65356722803 0.828815527031 10.5608829007
0 0 0
3 0 8 90.4538269043 -151.513244629 2 8 79.4344787598 -152.005432129 14 6 89.835357666 -152.671539307
-5.65356722803 0.828815527031 10.5608829007
0 0 0
3 0 9 90.4538269043 -151.513244629 2 9 79.4344787598 -152.005432129 14 7 89.835357666 -152.671539307
-6.68979974561 0.0616943197884 10.0555057831
254 254 254
20 1 26 97.1794128418 -62.6246032715 6 32 40.8024902344 -62.7198791504 4 35 82.4238586426 -62.7455749512 7 39 29.9588928223 -61.5558166504 8 31 24.5094299316 -63.0706787109 3 27 110.76663208 -62.847442627 9 28 14.2280273438 -62.7318725586 11 41 -18.9245910645 -61.6894226074 12 46 -46.0022277832 -64.3855285645 13 32 -55.5329742432 -65.1325683594 15 27 -7.79067993164 -63.1089477539 0 38 131.509216309 -61.2250366211 19 44 -83.9181213379 -65.5943908691 21 51 -138.920043945 -66.7572937012 22 28 -126.886260986 -68.7138366699 25 43 -100.929168701 -66.7267456055 26 48 -161.975997925 -67.7766418457 28 42 -169.255584717 -68.0248718262 30 37 -101.025436401 -66.8675231934 33 46 -209.383575439 -68.1314086914
-5.84289963041 0.571056026199 10.5699097994
254 254 254
3 26 52 -184.186126709 -145.25390625 27 54 -174.527160645 -144.359405518 28 56 -192.363464355 -145.32800293
-6.563544843 0.0270151679898 10.0561826904
255 255 255
2 1 10 101.288665771 -69.592376709 6 14 43.9415283203 -69.1644592285
-6.27999899891 0.304562675241 10.2948794304
0 0 0
4 0 55 119.576965332 -98.4450378418 4 58 70.559387207 -98.386932373 6 51 28.6105651855 -98.5576171875 10 53 85.566192627 -98.4500732422
-10.736111042 -3.49035710777 12.1368334869
1 1 1
3 0 31 290.217285156 73.6732788086 2 41 290.600280762 74.1451187134 3 32 290.491394043 76.1857681274
-6.62863371726 0.0906843445503 9.90764170664
254 254 254
29 0 56 129.622131348 -59.4983825684 2 54 120.033325195 -59.7118835449 1 52 94.7326049805 -59.5923156738 4 51 80.9555358887 -60.7600708008 5 53 64.5896911621 -59.4667358398 3 38 109.875488281 -61.3733215332 6 46 40.1349182129 -61.627166748 7 48 28.8446350098 -59.9752502441 9 46 12.703338623 -60.439666748 10 57 95.5009765625 -59.2979125977 12 56 -47.2519989014 -62.6364135742 13 47 -56.9429016113 -63.5605163574 14 56 128.78302002 -59.3890686035 15 50 -9.41220092773 -59.8803405762 16 51 54.0953063965 -59.8578796387 17 41 -30.0088806152 -60.6825256348 19 53 -85.1145172119 -63.7794189453 20 48 -85.2595672607 -64.5511474609 21 52 -138.920043945 -66.7572937012 22 46 -127.955337524 -66.9720458984 23 44 -120.337432861 -67.5136413574 24 63 -107.27583313 -64.6363830566 25 44 -100.929168701 -66.7267456055 26 47 -161.975997925 -67.7766418457 29 59 -174.866119385 -66.265411377 27 59 -152.685134888 -66.4631958008 30 38 -101.025436401 -66.8675231934 32 52 -202.396331787 -66.4624938965 34 51 -215.688354492 -67.4043579102
-6.71411408519 0.0792033222258 10.0344415026
254 254 254
23 0 57 129.622131348 -59.4983825684 2 53 120.033325195 -59.7118835449 3 37 109.875488281 -61.3733215332 4 50 80.9555358887 -60.7600708008 5 54 64.5896911621 -59.4667358398 1 51 94.7326049805 -59.5923156738 6 45 40.1349182129 -61.627166748 7 49 28.8446350098 -59.9752502441 9 47 12.703338623 -60.439666748 10 58 95.5009765625 -59.2979125977 12 57 -47.2519989014 -62.6364135742 13 46 -56.9429016113 -63.5605163574 14 55 128.78302002 -59.3890686035 15 51 -9.41220092773 -59.8803405762 16 50 54.0953063965 -59.8578796387 17 40 -30.0088806152 -60.6825256348 18 52 2.85034179688 -59.4869689941 19 54 -85.1145172119 -63.7794189453 20 47 -85.2595672607 -64.5511474609 22 47 -127.955337524 -66.9720458984 23 45 -120.337432861 -67.5136413574 24 50 -106.223449707 -65.5854797363 32 51 -202.396331787 -66.4624938965
-5.6165991716 0.731603040141 10.7186120646
0 0 0
20 1 21 62.8651428223 -158.304077148 2 28 88.0813903809 -158.542938232 3 22 76.5298461914 -158.186645508 5 26 31.6724243164 -158.136016846 4 26 48.1748962402 -159.547485352 6 30 6.00888061523 -159.523498535 7 24 -3.95364379883 -158.130828857 8 27 -10.2530212402 -158.250396729 9 21 -20.4726257324 -159.445770264 10 19 62.7346801758 -158.30065918 11 27 -53.0957489014 -157.91619873 12 64 -76.671661377 -165.258758545 13 26 -90.4107666016 -161.532836914 15 19 -42.4692687988 -159.46975708 16 24 20.6436462402 -158.336242676 17 20 -64.1383209229 -159.452514648 18 22 -29.1668701172 -159.187042236 19 62 -114.60760498 -165.270019531 20 25 -116.864028931 -162.854309082 25 27 -133.984970093 -164.242218018
-5.6250898987 0.733865169814 10.7346319106
0 0 0
18 1 22 62.8651428223 -158.304077148 2 29 88.0813903809 -158.542938232 3 23 76.5298461914 -158.186645508 4 27 48.1748962402 -159.547485352 5 27 31.6724243164 -158.136016846 6 31 6.00888061523 -159.523498535 7 25 -3.95364379883 -158.130828857 8 28 -10.2530212402 -158.250396729 9 22 -20.4726257324 -159.445770264 10 20 62.7346801758 -158.30065918 11 28 -53.0957489014 -157.91619873 12 26 -80.5940551758 -161.612182617 13 27 -90.4107666016 -161.532836914 15 20 -42.4692687988 -159.46975708 16 25 20.6436462402 -158.336242676 17 21 -64.1383209229 -159.452514648 18 23 -29.1668701172 -159.187042236 25 28 -133.984970093 -164.242218018
-6.66954086214 0.0746427535631 10.0132157445
255 255 255
4 7 40 29.9588928223 -61.5558166504 19 45 -83.9181213379 -65.5943908691 12 47 -46.0022277832 -64.3855285645 33 45 -209.383575439 -68.1314086914
-6.1688032675 0.489720779797 10.4385140497
254 254 254
18 0 49 108.786743164 -110.64263916 3 39 87.352935791 -111.989044189 7 43 6.83618164063 -112.704040527 8 55 -0.138732910156 -111.777374268 12 52 -69.1540222168 -116.705535889 14 46 107.859893799 -111.769134521 15 43 -32.1410827637 -112.764465332 17 36 -52.3538970947 -113.809020996 18 39 -19.1445922852 -112.759460449 20 40 -106.904373169 -116.963317871 21 55 -161.035568237 -118.798797607 25 37 -122.536605835 -120.141998291 19 40 -105.508605957 -119.065643311 27 51 -173.398773193 -118.634521484 29 48 -194.914703369 -118.940704346 32 50 -222.66835022 -117.527099609 33 41 -229.346038818 -120.390808105 34 45 -235.534118652 -118.682952881
-6.19445696513 0.485002246392 10.4823721007
254 254 254
22 0 50 108.786743164 -110.64263916 3 40 87.352935791 -111.989044189 4 53 58.6773376465 -111.723022461 7 44 6.83618164063 -112.704040527 5 38 44.3355407715 -114.50982666 8 56 -0.138732910156 -111.777374268 10 44 74.267364502 -113.498168945 11 39 -41.5340270996 -114.159881592 12 53 -69.1540222168 -116.705535889 14 47 107.859893799 -111.769134521 15 44 -32.1410827637 -112.764465332 17 37 -52.3538970947 -113.809020996 18 40 -19.1445922852 -112.759460449 19 41 -105.508605957 -119.065643311 20 41 -106.904373169 -116.963317871 21 56 -161.035568237 -118.798797607 25 38 -122.536605835 -120.141998291 27 52 -173.398773193 -118.634521484 29 49 -194.914703369 -118.940704346 32 49 -222.66835022 -117.527099609 33 42 -229.346038818 -120.390808105 34 46 -235.534118652 -118.682952881
-5.75062679551 1.57483734784 10.8668895671
1 1 1
5 7 61 -63.7116394043 -164.704986572 8 62 -69.7244873047 -164.733306885 3 52 17.2969360352 -164.685821533 15 58 -101.689163208 -165.69052124 18 45 -88.7130584717 -165.698181152
-6.10085774472 0.360688429176 10.194377865
0 0 0
15 25 56 -114.338272095 -114.718109131 27 60 -164.266662598 -114.746307373 8 63 9.7760925293 -107.792663574 9 59 -0.292205810547 -108.755767822 13 62 -70.2206878662 -110.719238281 11 67 -33.1546020508 -107.886566162 15 62 -22.2142028809 -108.806671143 6 56 25.8580627441 -107.892211914 18 46 -9.2216796875 -108.789855957 10 60 82.7846069336 -107.855651855 23 57 -133.195617676 -114.821044922 28 72 -183.165985107 -113.833587646 32 57 -213.199050903 -113.818572998 33 65 -222.14654541 -113.888885498 34 52 -226.256103516 -114.753753662
-5.6806652504 0.929275357518 10.9846387448
28 28 28
7 1 68 50.2676086426 -167.332824707 3 63 63.2404174805 -166.325286865 5 57 18.4284667969 -166.889038086 16 61 7.89407348633 -168.187713623 17 63 -76.742980957 -168.32800293 18 60 -41.7469787598 -168.335327148 20 60 -129.732269287 -171.324981689
-6.85264993843 2.07779618649 9.91620475822
254 254 254
2 7 38 -116.737808228 -68.3256530762 8 38 -120.915054321 -68.420715332
-7.39524110404 1.09197511311 9.53901837041
255 255 255
3 14 11 48.9113464355 -9.81924438477 16 14 -27.9108581543 -10.4568786621 15 10 -91.7118377686 -10.6504821777
-6.18254671553 0.390658496828 10.2892650398
0 0 0
14 2 42 104.423187256 -104.172973633 4 46 65.3365783691 -105.951538086 6 35 23.0936889648 -104.479827881 7 33 13.0946350098 -104.174285889 8 37 6.95999145508 -104.204803467 9 44 -2.49157714844 -107.015960693 10 46 80.4367675781 -105.958984375 11 45 -35.6719055176 -105.894470215 12 42 -62.8437652588 -108.31362915 13 44 -72.8696289063 -108.995422363 15 40 -24.5803222656 -106.936431885 16 32 37.5065002441 -104.17288208 18 34 -11.5695800781 -107.019287109 19 32 -100.511138916 -108.141815186
-5.73235759592 1.43718854758 10.8536618027
0 0 0
11 2 55 38.5022888184 -164.181060791 4 49 -1.98681640625 -164.260101318 5 43 -17.5497741699 -164.074615479 8 57 -59.6832885742 -164.249481201 9 45 -70.7770996094 -164.542663574 10 47 13.0977478027 -163.582977295 11 49 -102.879394531 -163.397338867 14 45 48.0056152344 -164.263641357 15 52 -91.7660827637 -165.252227783 16 46 -29.9339904785 -164.32321167 18 38 -79.0279846191 -164.480560303
-5.57908501443 0.700460349878 10.7844957581
1 1 1
5 4 61 51.359375 -162.29989624 13 50 -87.1386260986 -164.07699585 7 56 -0.587799072266 -161.277038574 17 52 -60.5903320313 -162.280761719 5 51 35.4364318848 -161.246734619
-5.56399077553 1.06515135145 10.720131286
29 29 29
7 2 80 63.7138977051 -165.458709717 4 76 24.720123291 -166.440979004 3 69 52.710723877 -165.459838867 5 74 7.71389770508 -165.458709717 14 66 74.7584838867 -166.329467773 16 75 -3.26754760742 -166.447967529 18 64 -53.3523406982 -166.456085205
-6.80557981148 0.166258060656 9.86555473886
0 0 0
29 3 8 100.96963501 -48.8757171631 4 8 72.600402832 -49.5598297119 1 7 87.5229187012 -48.3347015381 5 9 56.9841003418 -49.4678955078 2 11 112.077667236 -49.0558013916 6 13 31.2994995117 -48.1518707275 7 7 21.0343322754 -48.9102325439 8 10 14.879699707 -47.8276824951 9 7 4.76815795898 -48.7494354248 10 8 88.0605163574 -49.3939666748 11 12 -27.561340332 -48.3090515137 12 12 -54.4252624512 -50.9324493408 13 13 -64.7033081055 -51.2948455811 14 9 122.095367432 -49.4815063477 18 9 -3.45571899414 -49.9464569092 19 12 -92.3902435303 -52.2943572998 20 7 -91.9970550537 -53.0628051758 21 13 -146.833770752 -54.6390075684 22 8 -136.290390015 -55.0316772461 23 9 -128.009399414 -55.6692504883 24 12 -113.626556396 -53.651763916 25 10 -109.296951294 -55.0840454102 26 8 -169.880706787 -54.5387878418 27 12 -158.958816528 -54.9231567383 28 11 -177.814208984 -53.6382446289 31 12 -194.75881958 -54.6896972656 32 10 -209.303924561 -55.5282897949 33 12 -217.458847046 -55.6402893066 34 10 -222.418563843 -55.9973449707
-6.80557981148 0.166258060656 9.86555473886
0 0 0
29 3 9 100.96963501 -48.8757171631 4 9 72.600402832 -49.5598297119 1 8 87.5229187012 -48.3347015381 5 10 56.9841003418 -49.4678955078 2 12 112.077667236 -49.0558013916 6 12 31.2994995117 -48.1518707275 7 6 21.0343322754 -48.9102325439 8 9 14.879699707 -47.8276824951 9 6 4.76815795898 -48.7494354248 10 9 88.0605163574 -49.3939666748 11 11 -27.561340332 -48.3090515137 12 11 -54.4252624512 -50.9324493408 13 12 -64.7033081055 -51.2948455811 14 10 122.095367432 -49.4815063477 18 8 -3.45571899414 -49.9464569092 19 11 -92.3902435303 -52.2943572998 20 6 -91.9970550537 -53.0628051758 21 12 -146.833770752 -54.6390075684 22 7 -136.290390015 -55.0316772461 23 8 -128.009399414 -55.6692504883 24 11 -113.626556396 -53.651763916 25 9 -109.296951294 -55.0840454102 26 7 -169.880706787 -54.5387878418 27 11 -158.958816528 -54.9231567383 28 10 -177.814208984 -53.6382446289 31 11 -194.75881958 -54.6896972656 32 9 -209.303924561 -55.5282897949 33 11 -217.458847046 -55.6402893066 34 9 -222.418563843 -55.9973449707
-6.87008474078 -0.0148597653604 9.85259131427
254 254 254
4 10 29 100.944763184 -42.891708374 27 42 -147.712005615 -49.5408172607 24 24 -101.172134399 -48.4809875488 28 33 -165.085571289 -48.2700653076
-6.82769480543 0.4290594584 9.64547855364
255 255 255
27 2 13 92.6900939941 -39.2651519775 5 11 36.8884887695 -40.0116729736 4 10 52.4913330078 -40.5129394531 6 10 10.6020202637 -40.9180908203 8 11 -5.83685302734 -41.3782501221 9 8 -16.1238098145 -42.9069213867 11 9 -48.3021240234 -42.9774017334 12 9 -75.6295776367 -46.9518432617 13 14 -85.7886810303 -46.3796234131 15 8 -38.0673217773 -42.9421539307 16 12 25.5209960938 -40.4804382324 17 8 -59.4470825195 -43.4007263184 18 10 -24.2987976074 -43.0020446777 19 14 -113.717071533 -49.4306793213 20 8 -113.226226807 -48.8192138672 21 14 -167.472595215 -51.3116149902 22 11 -157.178253174 -51.5070343018 23 10 -149.140655518 -51.8622894287 24 9 -134.989578247 -50.9049224854 25 11 -130.04788208 -51.0664367676 26 9 -190.569824219 -53.3958587646 27 13 -179.559875488 -51.8190307617 30 9 -130.122970581 -50.5618591309 31 13 -214.997070313 -52.232925415 32 11 -229.156829834 -52.6464996338 33 13 -237.212249756 -52.9203338623 34 11 -241.904205322 -55.681854248
-7.27759103769 0.714137811472 8.67191662633
255 255 255
9 19 29 -149.836288452 10.2262420654 32 30 -259.759979248 5.51737976074 22 31 -191.90737915 7.15927124023 26 37 -223.810394287 5.85943603516 27 29 -213.458343506 7.42071533203 33 37 -267.511322021 5.19970703125 21 46 -201.672821045 6.21095275879 34 24 -271.912658691 5.57331848145 20 20 -149.669647217 9.79063415527
-6.23869776422 2.64689313128 9.36931380301
0 0 0
2 3 24 -82.6740875244 -86.1791992188 5 22 -118.013290405 -85.2648010254
-8.0916325281 3.74126412059 8.15862034694
0 0 0
3 1 28 -193.825531006 63.0400085449 5 34 -218.99822998 61.9813995361 10 25 -193.914550781 61.5144042969
-7.7194641632 0.707819133253 9.52956890188
254 254 254
9 21 67 -199.163421631 0.657592773438 32 46 -257.298126221 0.0236358642578 22 53 -189.499420166 2.48933410645 23 55 -181.14730835 0.619873046875 27 56 -210.196228027 0.807723999023 28 53 -228.839324951 1.94750976563 29 58 -231.18913269 0.79328918457 33 53 -265.418304443 0.308898925781 34 44 -269.145446777 -0.321258544922
-6.0967721262 0.444284922857 10.5486500712
255 255 255
3 2 16 102.962585449 -120.120727539 5 13 47.0726318359 -120.238006592 3 12 92.1035461426 -121.177062988
-7.7194641632 0.707819133253 9.52956890188
254 254 254
8 21 68 -199.163421631 0.657592773438 32 45 -257.298126221 0.0236358642578 23 56 -181.14730835 0.619873046875 27 55 -210.196228027 0.807723999023 28 52 -228.839324951 1.94750976563 29 57 -231.18913269 0.79328918457 33 52 -265.418304443 0.308898925781 34 43 -269.145446777 -0.321258544922
-8.19892791559 3.82956873817 8.30449997575
29 29 29
5 4 73 -211.488418579 59.7769470215 5 71 -224.347396851 59.7779998779 6 61 -247.30039978 58.7578887939 10 73 -199.507583618 59.8060150146 9 75 -269.497528076 58.7648162842
-7.27759103769 0.714137811472 8.67191662633
255 255 255
7 19 28 -149.836288452 10.2262420654 32 29 -259.759979248 5.51737976074 21 45 -201.672821045 6.21095275879 26 36 -223.810394287 5.85943603516 33 36 -267.511322021 5.19970703125 34 23 -271.912658691 5.57331848145 20 19 -149.669647217 9.79063415527
-8.14454105541 1.08763831841 8.83247102456
255 255 255
13 2 2 27.493927002 61.5722503662 6 4 -53.1476593018 61.1667480469 3 3 17.755859375 60.7833099365 4 3 -11.5994873047 61.4018249512 7 3 -63.0149841309 61.7337493896 8 3 -69.0113220215 61.8548736572 9 3 -78.4878540039 60.5461578369 1 2 3.11709594727 62.1565093994 10 2 3.04113769531 61.0531768799 11 3 -110.587677002 60.8889160156 15 2 -100.670166016 61.2768096924 16 5 -38.3836364746 61.072555542 18 2 -87.4538116455 60.994720459
-6.6615815854 0.100404184491 9.92792696881
225 225 225
9 2 74 118.74911499 -58.7027893066 6 67 37.7458496094 -58.496887207 16 74 52.7150268555 -58.6446228027 1 65 93.7208251953 -58.7142333984 19 77 -86.2659454346 -62.637512207 20 59 -86.2555084229 -63.7222290039 24 64 -107.27583313 -64.6363830566 27 70 -153.369369507 -65.7221679688 34 64 -216.297790527 -66.6967163086
-5.6352587691 2.53717115394 8.51225525467
0 0 0
3 0 22 -65.2893829346 -85.5654296875 9 19 -160.218215942 -86.0357055664 10 21 -94.1122589111 -86.1408081055
-5.68274526678 1.84950981164 10.5841385005
0 0 0
2 12 7 -160.372497559 -164.495025635 13 9 -166.235229492 -164.063140869
-5.68274526678 1.84950981164 10.5841385005
0 0 0
2 12 6 -160.372497559 -164.495025635 13 8 -166.235229492 -164.063140869
-8.35360098865 0.747798050169 8.53968087332
255 255 255
2 7 9 -43.7976989746 91.5258407593 9 10 -59.3632507324 92.321762085
