# Camera parameter file. 

# The format of each camera is as follows:
# Filename (of the undistorted image in visualize folder)
# Original filename
# Focal Length (of the undistorted image)
# 2-vec Principal Point (image center)
# 3-vec Translation T (as in P = K[R T])
# 3-vec Camera Position C (as in P = K[R -RC])
# 3-vec Axis Angle format of R
# 4-vec Quaternion format of R
# 3x3 Matrix format of R
# [Normalized radial distortion] = [radial distortion] * [focal length]^2
# 3-vec Lat/Lng/Alt from EXIF

# The nubmer of cameras in this reconstruction
35

00000000.jpg
C:\Users\chin1\Desktop\final\img\resized\masked\masked0.jpg
833.825317383
300 200
0.669868444009 -0.61423220658 -0.296967714172
0.224598693388 0.777991996731 0.50840729711
-0.446008585158 0.654175310785 1.38012012723
0.699892097555 -0.200214341738 0.293660892611 0.619539291366
0.0598692623182 -0.984811594485 0.162980620397
0.749631022123 0.152171051824 0.644125684067
-0.659143132002 0.083611941669 0.747355478739
0.0361530934459
0 0 0

00000001.jpg
C:\Users\chin1\Desktop\final\img\resized\masked\masked5.jpg
801.982421875
300 200
-0.0654477733162 -0.596011711021 -0.986637895226
-0.19962361659 0.126458066988 1.13010035346
-0.43266533743 0.668371269357 1.388162958
0.696604002963 -0.193976704062 0.299650664622 0.62235462839
0.0457682360387 -0.983319764957 0.176031190697
0.75081913664 0.150095469921 0.643227972867
-0.658920219168 0.102728178742 0.745164841817
0.423415498989
0 0 0

00000002.jpg
C:\Users\chin1\Desktop\final\img\resized\masked\masked2.jpg
927.992431641
300 200
0.164030044804 -0.607471009864 0.942484615323
1.07096416753 0.149628715501 -0.338895961524
-0.424618400952 0.679818709642 1.38447093603
0.696794984632 -0.190383153723 0.304805513871 0.620745456269
0.0435378019318 -0.981124170442 0.188415114035
0.749005112203 0.156859209962 0.64372932544
-0.66113269938 0.113097218751 0.741695990539
0.360179202125
0 0 0

00000003.jpg
C:\Users\chin1\Desktop\final\img\resized\masked\masked3.jpg
992.025024414
300 200
-0.0199771127729 -0.556526105799 1.8641937116
1.6453582838 -0.151100702571 -1.02727853105
-0.421171142818 0.677439795359 1.39074816797
0.695531424616 -0.188744796161 0.303589736066 0.623253715151
0.0387768190058 -0.98158677734 0.187040898335
0.752383400246 0.151861262545 0.640982743256
-0.657583908165 0.115870995404 0.744417768963
0.256808123711
0 0 0

00000004.jpg
C:\Users\chin1\Desktop\final\img\resized\masked\masked6.jpg
947.011230469
300 200
0.342578849252 -0.581727866337 1.08942786847
1.12325765231 0.369043012423 -0.494690683597
-0.46539041629 0.626798207531 1.37118966969
0.704606951333 -0.209296879491 0.281885712114 0.616655842088
0.0805521060233 -0.986995550757 0.139108759747
0.751004420904 0.151860728188 0.642596975252
-0.6553657692 0.0527088305258 0.753470989257
0.420783653458
0 0 0

00000005.jpg
C:\Users\chin1\Desktop\final\img\resized\masked\masked7.jpg
2636.32128906
300 200
1.24630435901 -0.267815022161 24.8275810363
15.5640594446 2.14692146225 -19.2661352347
-0.507128695551 0.531400853943 1.35333074179
0.717970812218 -0.229245657013 0.240217796721 0.611768172023
0.136071049559 -0.988601353795 0.0644484627477
0.768325411631 0.146373072265 0.623098441972
-0.625429003737 -0.03526832028 0.779484226962
1.26192535653
0 0 0

00000006.jpg
C:\Users\chin1\Desktop\final\img\resized\masked\masked9.jpg
1935.96838379
300 200
0.376781961064 -1.7078908893 14.623409025
11.6337518953 0.807994190004 -8.99477766947
-0.576190596516 0.650624939704 1.33351242403
0.699671603809 -0.258631238455 0.292042138388 0.598565772868
0.11286115636 -0.988661738268 0.0990516658793
0.686536158882 0.149658044006 0.711526567474
-0.718282699504 -0.0123011661469 0.695642212341
2.73070159534
0 0 0

00000007.jpg
C:\Users\chin1\Desktop\final\img\resized\masked\masked10.jpg
3452.99462891
300 200
0.377654421568 -1.74441619338 35.2573657934
26.4802077912 1.50724861408 -23.2979355341
-0.585656966737 0.642418028287 1.32797850878
0.701281466936 -0.263044530939 0.288538442322 0.596454074277
0.121976240436 -0.988361382446 0.0909052343679
0.684767370231 0.150100133482 0.713136331452
-0.718481414029 -0.0247366866537 0.695106409555
11.2885963649
0 0 0

00000008.jpg
C:\Users\chin1\Desktop\final\img\resized\masked\masked11.jpg
4479.06884766
300 200
0.247958788601 -0.836066770402 49.4215373106
33.4761814069 0.795098887875 -36.3587982815
-0.523055242264 0.592825810681 1.35223349383
0.708664468503 -0.235599293399 0.267025986587 0.609085293318
0.115424717464 -0.989096622635 0.091463637463
0.737451800014 0.147016429122 0.659204847186
-0.665463677982 -0.00863854495797 0.74638016909
17.3870959107
0 0 0

00000009.jpg
C:\Users\chin1\Desktop\final\img\resized\masked\masked12.jpg
1909.58703613
300 200
1.4020837647 -0.20622354599 13.9863930596
8.41537747071 2.92139177267 -10.8754058709
-0.54961746184 0.466626957192 1.32719191944
0.728140093589 -0.249422321594 0.211760337075 0.602293982147
0.184798967854 -0.982744295392 0.00793126594155
0.771473290722 0.15006088205 0.618312742538
-0.608833500683 -0.108144827818 0.785892133665
3.57580754588
0 0 0

00000010.jpg
C:\Users\chin1\Desktop\final\img\resized\masked\masked4.jpg
856.227355957
300 200
1.22565393435 -0.690093402098 -0.0319924403413
0.349730740854 1.31598561427 0.354047148235
-0.509886134514 0.587897310765 1.35165310908
0.711029328592 -0.22987720245 0.265047782198 0.609379652369
0.116812517112 -0.988430607602 0.0967486900465
0.744716612724 0.15162616301 0.649928297073
-0.657078296437 -0.00386943459308 0.753812144352
0.244520909456
0 0 0

00000011.jpg
C:\Users\chin1\Desktop\final\img\resized\masked\masked15.jpg
626.383178711
300 200
0.0157280294658 -0.110912471052 -2.9911257229
-1.76142861637 -0.0595048246081 2.41934105463
-0.494632619359 0.526368358055 1.35326821765
0.720006634585 -0.223771684565 0.238128925537 0.612218234059
0.136966661709 -0.988175308404 0.0689145373814
0.775029452941 0.150229920383 0.613808016117
-0.616903087712 -0.0306603739582 0.786441633294
-0.40214728279
0 0 0

00000012.jpg
C:\Users\chin1\Desktop\final\img\resized\masked\masked17.jpg
1974.73339844
300 200
1.054649442 0.914431560596 15.4009661725
7.16931344721 2.92674790345 -13.3855620221
-0.499547143475 0.37189305665 1.32963498117
0.742414573929 -0.227934735548 0.16968838002 0.606689482197
0.206267245688 -0.978185928292 -0.0246130595072
0.82347452544 0.159947042979 0.544340477445
-0.52852956492 -0.132547800857 0.838503309665
0.532009698096
0 0 0

00000013.jpg
C:\Users\chin1\Desktop\final\img\resized\masked\masked18.jpg
1329.9630127
300 200
0.446921905212 1.4698726837 6.55033760618
1.94170451507 0.798618248715 -6.39211832921
-0.441451864934 0.369984098948 1.35987564942
0.739536033557 -0.201207001695 0.168633088084 0.61981050219
0.174795613863 -0.984604770966 -5.55111512313e-017
0.848884030419 0.150701291554 0.506640721133
-0.498840980352 -0.0885585906957 0.862157274299
0.708969855805
0 0 0

00000014.jpg
C:\Users\chin1\Desktop\final\img\resized\masked\masked1.jpg
553.410949707
300 200
-1.18432351481 -1.66002139846 -3.94018434238
-1.75780678195 -0.00289471984649 4.07350625667
-0.41181905738 0.84146038091 1.40751628928
0.66343779832 -0.182244364152 0.372375705617 0.622875281213
-0.0532745502711 -0.962204782588 0.267065217827
0.690751238195 0.157626758354 0.70570283038
-0.721127255303 0.222071631542 0.656246640874
0
0 0 0

00000015.jpg
C:\Users\chin1\Desktop\final\img\resized\masked\masked14.jpg
2135.36889648
300 200
0.0821340217175 1.26185038604 17.5435776334
8.12929668003 -2.22044604925e-016 -15.5977772706
-0.396806464738 0.450622333651 1.38232637161
0.72926539949 -0.180152453013 0.204585171875 0.627584247838
0.128565850416 -0.989063979965 0.072272089998
0.841637928888 0.147366225368 0.519546770451
-0.524515458391 -0.00596903201093 0.851380015789
0
0 0 0

00000016.jpg
C:\Users\chin1\Desktop\final\img\resized\masked\masked8.jpg
4809.90527344
300 200
0.358840269216 1.38836380373 54.0836729944
26.9659030967 -2.21537642422 -46.8511718562
-0.35588487557 0.482510296958 1.39972371312
0.723896082177 -0.161242448003 0.218613228066 0.634179459495
0.100049337192 -0.988659509656 0.111993227965
0.847660594846 0.143634574896 0.510725594779
-0.521019809271 0.043834489218 0.852418239073
0
0 0 0

00000017.jpg
C:\Users\chin1\Desktop\final\img\resized\masked\masked16.jpg
866.067687988
300 200
0.241116512853 1.35342646219 -0.101644245714
-1.23201558371 0.0433690138348 -0.616837664991
-0.417759699021 0.413686813698 1.38040158261
0.731556115681 -0.189831192602 0.187980461954 0.627258395939
0.142420463481 -0.989118536509 0.0368900736815
0.846380326136 0.141022001254 0.513568988653
-0.513182952603 -0.0419196909256 0.857254936823
0
0 0 0

00000018.jpg
C:\Users\chin1\Desktop\final\img\resized\masked\masked13.jpg
825.640563965
300 200
0.9647963117 -0.214327997203 -0.400517016541
-0.235859599942 0.949308959896 0.424694113551
-0.536721655862 0.488061519307 1.34508336077
0.721990829004 -0.242997594598 0.220967002005 0.608978634698
0.160637174176 -0.986742872148 0.0231115931852
0.771965085096 0.140194339229 0.620012433855
-0.615033002656 -0.0817557052228 0.78425151526
0
0 0 0

00000019.jpg
C:\Users\chin1\Desktop\final\img\resized\masked\masked20.jpg
2670.55712891
300 200
-1.33265003845 2.66878831227 24.6392975425
8.29786747195 -2.70043957609 -23.2345953649
-0.285207944216 0.393564967148 1.42307127398
0.730397616811 -0.129542041528 0.178758026739 0.646361932793
0.100523650848 -0.990515798062 0.0936667896188
0.897889063175 0.130870232706 0.420319160024
-0.428590957245 0.041850366388 0.902528831019
0
0 0 0

00000020.jpg
C:\Users\chin1\Desktop\final\img\resized\masked\masked19.jpg
575.217773438
300 200
1.6366579468 -0.480747204943 -3.35381302342
-2.09635345511 0.813380154309 3.01687641087
-0.660105885178 0.375115805404 1.27093249236
0.738318092707 -0.300727010078 0.17089296903 0.579003667473
0.271100680311 -0.957762016953 -0.0958973595209
0.752193516801 0.14863601722 0.6419597068
-0.600590843326 -0.246169063225 0.760717726541
0
0 0 0

00000021.jpg
C:\Users\chin1\Desktop\final\img\resized\masked\masked26.jpg
346.800689697
300 200
3.48198112233 -0.367762947661 -5.60901087878
-4.02490398881 0.512041888671 5.22095863204
-0.80153799849 0.178701554109 1.1878706402
0.750451352511 -0.366841547484 0.0817867085161 0.543655203725
0.395499910555 -0.875979082427 -0.276116719661
0.755968049313 0.139732616039 0.639521024289
-0.521624503754 -0.461665917577 0.717476403346
0
0 0 0

00000022.jpg
C:\Users\chin1\Desktop\final\img\resized\masked\masked25.jpg
411.708312988
300 200
1.92806660374 0.579737135498 -5.07070679428
-3.65058484311 0.130249283362 4.05239034032
-0.672545445237 0.240877821841 1.30557838455
0.735682396629 -0.306087260086 0.109627733003 0.594191683827
0.269835996755 -0.941384028804 -0.202446640093
0.807161419254 0.106493646778 0.580645788978
-0.525051413505 -0.320086247333 0.788584711305
0
0 0 0

00000023.jpg
C:\Users\chin1\Desktop\final\img\resized\masked\masked24.jpg
1071.11560059
300 200
0.232899896634 3.98793371196 3.35419306618
-2.76093896077 0.0458133744134 -4.4253346009
-0.316028687949 0.171657659797 1.3923057474
0.75246338116 -0.144747336528 0.0786225744614 0.637703335974
0.174305869078 -0.982457621152 -0.0662905053959
0.936936012303 0.14476530586 0.31810990263
-0.302932938255 -0.1175583784 0.945733385009
0
0 0 0

00000024.jpg
C:\Users\chin1\Desktop\final\img\resized\masked\masked23.jpg
823.079101563
300 200
-0.493862555689 2.34944318427 0.0254519211319
-1.99129413643 -0.805203731063 -1.07276559508
-0.379634467208 0.333401810893 1.39242274974
0.738044854049 -0.172933598149 0.151873393401 0.634285601168
0.149232479512 -0.988790466461 0.0048001686018
0.883734429298 0.13555147608 0.447927715953
-0.443557337266 -0.0626032928698 0.894056870762
0
0 0 0

00000025.jpg
C:\Users\chin1\Desktop\final\img\resized\masked\masked21.jpg
2507.56298828
300 200
0.517275348237 3.76129073997 22.0832425403
3.38402301964 2.29245980625 -22.0312849213
-0.315823157338 0.191822301945 1.36410046552
0.760553524555 -0.145094203399 0.0881262296575 0.626689543821
0.198987991264 -0.978835108393 -0.0478085983362
0.927688657026 0.172415799154 0.331159386572
-0.315907456623 -0.110248244577 0.942362864437
0
0 0 0

00000026.jpg
C:\Users\chin1\Desktop\final\img\resized\masked\masked28.jpg
461.648834229
300 200
3.28117920491 1.45480111738 -3.97827522158
-4.01724644656 0.827818185485 3.44756513021
-0.675381511397 0.0633346153929 1.20912526246
0.76920164714 -0.311287873679 0.0291913495162 0.557293952547
0.37714261628 -0.875516661663 -0.302049625247
0.8391690433 0.185046618516 0.511422617794
-0.391865761767 -0.446349962882 0.804495461058
0
0 0 0

00000027.jpg
C:\Users\chin1\Desktop\final\img\resized\masked\masked27.jpg
2356.14355469
300 200
-0.708027864913 2.47413711546 20.7024768342
6.79776692817 0.725588580037 -19.7098725226
-0.383785452325 0.30550611712 1.36974831177
0.746860883061 -0.175409750012 0.139632055636 0.626045639539
0.17713951485 -0.984123656176 -0.0110575862531
0.886152340555 0.154596566276 0.436845427719
-0.428200467755 -0.0871812954467 0.899468633459
0
0 0 0

00000028.jpg
C:\Users\chin1\Desktop\final\img\resized\masked\masked29.jpg
5714.58789063
300 200
-1.04178473451 2.85802618979 65.0985846915
23.6067848717 3.18026356379 -60.6604078093
-0.349227416712 0.289754549865 1.38135408935
0.747178434196 -0.159634114239 0.132448681578 0.631425901726
0.167517334105 -0.98586229073 -0.0036686365318
0.901288975519 0.151636535069 0.405813382709
-0.399519830584 -0.0712872873769 0.913948580937
0
0 0 0

00000029.jpg
C:\Users\chin1\Desktop\final\img\resized\masked\masked30.jpg
1936.14196777
300 200
-0.951705911146 2.71640285842 14.5303213457
3.67877188635 -4.4408920985e-016 -14.3485698778
-0.376774319478 0.284752731217 1.39743406377
0.740124608475 -0.17176634217 0.129814938374 0.637071385039
0.154576222138 -0.987620086736 -0.0266964062697
0.898428750954 0.129272699592 0.419659752897
-0.411013328024 -0.0888542340937 0.90728882255
0
0 0 0

00000030.jpg
C:\Users\chin1\Desktop\final\img\resized\masked\masked22.jpg
741.886352539
300 200
0.418586109424 2.00769653658 -1.48018283543
-2.50231704606 -4.4408920985e-016 0.367981339258
-0.463078654123 0.294272426687 1.39879425161
0.730818394977 -0.210365056244 0.133680607041 0.63543726059
0.156697959455 -0.985021930701 -0.0719551009069
0.872535024871 0.103932058031 0.477368580139
-0.462740087617 -0.137586030914 0.87575208826
0
0 0 0

00000031.jpg
C:\Users\chin1\Desktop\final\img\resized\masked\masked31.jpg
1762.43518066
300 200
0.59314065847 -2.40208373475 13.2113431967
10.727656953 4.75802276502 -6.55286229151
-0.819740242604 0.461042689573 1.23059978097
0.714826191971 -0.370112816674 0.208160828975 0.555615946932
0.295919969907 -0.94842363896 -0.113683555481
0.640251687216 0.108614826199 0.760447621709
-0.708878806257 -0.297817719664 0.639371142805
0
0 0 0

00000032.jpg
C:\Users\chin1\Desktop\final\img\resized\masked\masked32.jpg
981.499389648
300 200
-0.257790564659 1.26786886061 2.66724974831
0.325442225414 0.0937723250997 -2.94507437816
-0.534034718066 0.291396627363 1.29811891512
0.753910889665 -0.244731865922 0.133538210018 0.594888409945
0.256550636969 -0.962347800405 -0.0898244700347
0.831623601168 0.172428179943 0.527892707551
-0.492528112911 -0.210131367516 0.844547701308
0
0 0 0

00000033.jpg
C:\Users\chin1\Desktop\final\img\resized\masked\masked33.jpg
3501.76782227
300 200
-1.25753838588 2.43524656293 36.3247929631
13.5372638748 2.25357635637 -33.7441306664
-0.396207879926 0.290987678074 1.3566025228
0.750841456164 -0.181359978673 0.133196540916 0.620970498236
0.193308672169 -0.980813833878 -0.0252194005494
0.884187738644 0.163008434274 0.437767426734
-0.425257339499 -0.106922935174 0.898734462735
0
0 0 0

00000034.jpg
C:\Users\chin1\Desktop\final\img\resized\masked\masked34.jpg
561.296081543
300 200
1.97813303198 0.823736666916 -2.53693376383
-2.53283327763 0.60984907401 2.05922926673
-0.719226099815 0.139150652868 1.25273943226
0.748098698497 -0.328877307059 0.0636287976791 0.572834566256
0.335623898896 -0.898925741193 -0.281583323717
0.815221432687 0.12740057707 0.564962921456
-0.47198580664 -0.419167820049 0.775582174806
0
0 0 0

