# Bundle file v0.3
18 28
694.905029297 0 0
0.996624448785 -0.0323030563921 0.0754696065549
-0.0177511354799 -0.982376496526 -0.186067884571
0.08015009117 0.184100255156 -0.979634365403
-3.86116199845 -0.171891489853 -0.515307334131
682.552185059 0 0
0.996652444347 -0.0299599092494 0.0760703533863
-0.0145780245944 -0.980650129705 -0.195224582258
0.0804472399738 0.193461981092 -0.977803426041
-4.40542837271 0.183515969719 0.238567890544
650.91809082 0 0
0.997207239395 -0.0276020963282 0.0694030008874
-0.0128073562006 -0.978638415174 -0.205190034812
0.0735840415659 0.203727906848 -0.976258633423
-4.61002941394 0.557818450173 2.06628116384
681.40612793 0 0
0.995772562316 -0.0333563825698 0.0855916379781
-0.0136760622664 -0.975192089236 -0.220938453403
0.0908378931764 0.218833742977 -0.971524903529
-5.6352100003 1.17152193455 0.435190985169
764.584411621 0 0
0.995909474154 -0.0256950032077 0.0866217530214
-0.00284788928311 -0.967159879257 -0.254149995789
0.0903075760547 0.252863821337 -0.963277763104
-5.75427256263 2.5165814435 -3.98800708098
613.992431641 0 0
0.998214384735 -0.0294850068681 0.0519499771786
-0.0204098626299 -0.985699404382 -0.167274611337
0.0561391516595 0.16591552607 -0.984540688793
-2.47621944668 -0.904606189576 3.64346571543
436.099029541 0 0
0.999295692411 -0.027640450177 -0.0253720597158
-0.0306804017593 -0.99123208219 -0.128515923566
-0.021597324687 0.129204014104 -0.991382620354
0.518629062709 -2.48313020959 11.8275107724
280.809631348 0 0
0.99122778889 0.0640126058899 -0.115628095279
0.0229265405578 -0.944897073731 -0.326563304187
-0.130160720939 0.321047727501 -0.938075907103
4.99605534858 5.38089547591 19.4861271982
742.302368164 0 0
0.999088021333 -0.0179023326407 -0.0387631273514
-0.0264111538682 -0.972450054572 -0.23161035575
-0.0335488416139 0.232422921447 -0.972036067204
2.27358392433 1.47791836655 -0.0634216757934
471.332122803 0 0
0.99623385281 0.0241567019079 -0.0832742503279
-0.00169849930814 -0.954785803793 -0.297289734788
-0.0866906119748 0.296311542487 -0.95114890944
5.31648513315 4.42390563109 13.821445175
455.740753174 0 0
0.99995112432 0.00988883205428 -6.93889390391e-018
0.009424817638 -0.953029851548 -0.302729613193
-0.00299364174668 0.302714817574 -0.953076484741
3.73477234109 4.59080448444 14.2672609558
920.732177734 0 0
0.950103493118 0.00114831472845 0.311932763008
0.00964273309461 -0.999623435413 -0.0256905159217
0.311785812923 0.0274165323132 -0.949756776706
-1.9187983511 -5.27473134383 -5.48914879084
314.311889648 0 0
0.967148324791 0.0362745360731 -0.251611292316
-0.117987930343 -0.812649732747 -0.570683141771
-0.225173122229 0.581622328542 -0.781672916455
14.2445916091 14.4107129462 15.3753976164
938.582336426 0 0
0.988067412542 -0.00395418413967 -0.153971372046
-0.0272615399944 -0.988376682907 -0.14956037995
-0.151590328776 0.151973236468 -0.976690610059
6.58250585997 -1.56558325 -10.0106945459
439.013366699 0 0
0.987973522426 -0.0878764207573 0.127224423133
-0.0741191964708 -0.991263048288 -0.109105212869
0.135700635954 0.0983632898258 -0.985854988091
1.52834075827 -2.82967384344 16.889733188
495.072479248 0 0
0.980111414532 -0.0420192846452 -0.193948418273
-0.0780098778051 -0.980226645392 -0.181852210829
-0.182472095397 0.193365311358 -0.964009221815
9.93298570416 -0.41961861089 10.7256982438
2272.88574219 0 0
0.965529031846 -0.0991986687551 0.240651871069
-0.0904213582023 -0.99478098647 -0.0472736933009
0.244085374692 0.0238840680584 -0.969459601418
-0.892984289739 -5.15228630186 -65.0827370016
387.82598877 0 0
0.984336709609 0.0228688371442 -0.174809337544
-0.038078605349 -0.940567929615 -0.337464054071
-0.172137465041 0.338834745887 -0.92496471547
7.99314652047 5.34285450899 14.2916974833
-6.8416250307 -1.06168262696 33.5197275615
0 0 0
7 0 1 -192.395019531 -121.319549561 1 1 -203.77822876 -121.083099365 3 0 -221.783905029 -119.378173828 4 0 -225.021148682 -118.074584961 5 1 -183.507659912 -133.819702148 6 1 -177.514678955 -137.706542969 7 3 -163.241165161 -136.070098877
-7.86140875827 -2.99112801541 37.3188086492
254 254 254
2 6 75 -157.544418335 -77.8065795898 14 78 -25.5411071777 -69.7817382813
-7.35151052098 -4.2914523607 36.1996042001
255 255 255
16 0 14 -167.472610474 -51.3116149902 1 13 -179.559875488 -51.8190460205 2 9 -190.569824219 -53.3958587646 5 11 -157.178268433 -51.5070495605 6 10 -149.140655518 -51.8622894287 7 9 -134.989578247 -50.9049224854 8 11 -130.047897339 -51.0664367676 9 14 -113.717071533 -49.4306945801 10 9 -75.6295776367 -46.9518432617 16 12 25.5209960938 -40.4804382324 11 10 52.4913330078 -40.5129394531 14 8 -16.1237792969 -42.9068756104 12 9 -48.3021240234 -42.9774017334 15 14 -85.7886810303 -46.3796234131 13 9 -130.122970581 -50.5618591309 17 8 -113.226226807 -48.8192138672
-7.33947230246 -4.29672525932 36.1831638529
255 255 255
17 0 15 -167.472610474 -51.3116149902 1 14 -179.559875488 -51.8190460205 2 10 -190.569824219 -53.3958587646 3 12 -198.635070801 -51.9939422607 5 12 -157.178268433 -51.5070495605 6 11 -149.140655518 -51.8622894287 7 10 -134.989578247 -50.9049224854 8 12 -130.047897339 -51.0664367676 9 15 -113.717071533 -49.4306945801 10 10 -75.6295776367 -46.9518432617 16 13 25.5209960938 -40.4804382324 11 11 52.4913330078 -40.5129394531 14 9 -16.1237792969 -42.9068756104 12 10 -48.3021240234 -42.9774017334 15 15 -85.7886810303 -46.3796234131 13 10 -130.122970581 -50.5618591309 17 9 -113.226226807 -48.8192138672
-6.90970204875 -2.40453479803 36.7408082241
0 0 0
7 2 1 -182.274261475 -93.6879272461 13 5 -122.282058716 -92.7375793457 3 5 -190.706375122 -92.9828186035 4 6 -193.166671753 -92.5514221191 7 7 -126.354827881 -91.9241943359 8 5 -122.383972168 -92.8523254395 15 7 -78.2026977539 -85.6252441406
-8.13446613913 0.819919476428 37.6719761425
254 254 254
5 0 25 -206.846206665 -176.35345459 1 17 -216.917114258 -177.191314697 2 16 -227.05770874 -176.883361816 3 16 -235.260955811 -175.642486572 4 15 -238.838867188 -175.701019287
-8.78379918649 0.271667651235 37.4962154929
0 0 0
6 0 27 -223.203186035 -165.181396484 1 23 -234.957977295 -165.154602051 2 24 -244.491485596 -166.378234863 3 18 -252.065826416 -163.946380615 4 21 -255.441390991 -164.412078857 5 22 -212.22946167 -165.699279785
-5.88024548235 -4.31861551073 35.8396751275
254 254 254
17 0 59 -137.185333252 -51.0922851563 13 40 -99.0032806396 -50.871673584 1 48 -148.96937561 -50.8308563232 2 50 -160.193389893 -52.0968017578 3 58 -168.384094238 -51.3976593018 4 47 -171.030944824 -50.876953125 6 38 -116.876220703 -49.6646575928 7 46 -104.312484741 -51.3358154297 8 48 -99.2216339111 -51.1443481445 9 60 -83.2245483398 -48.4217681885 10 48 -43.1167602539 -46.8356170654 11 64 82.5219726563 -45.4178466797 12 53 -17.491973877 -45.1046142578 17 37 -81.2355041504 -48.1719055176 16 54 55.6695556641 -45.2661895752 15 57 -55.4601593018 -47.5623931885 14 56 14.6890563965 -45.1664886475
-5.98226906706 -3.56628442791 36.164555264
255 255 255
14 2 47 -161.975997925 -67.7766723633 14 46 12.703338623 -60.439666748 5 46 -127.955337524 -66.9720458984 6 44 -120.337417603 -67.513671875 11 51 80.9555358887 -60.7600708008 15 47 -56.9429321289 -63.5604858398 9 45 -83.9181365967 -65.5943908691 17 58 -86.2555084229 -63.7222290039 7 63 -107.27583313 -64.6363830566 8 44 -100.929168701 -66.7267456055 10 56 -47.2519989014 -62.6364135742 12 42 -18.9245605469 -61.6894226074 16 51 54.0953063965 -59.8578796387 13 38 -101.02545166 -66.8675231934
-5.88024548235 -4.31861551073 35.8396751275
254 254 254
17 0 58 -137.185333252 -51.0922851563 13 39 -99.0032806396 -50.871673584 1 47 -148.96937561 -50.8308563232 2 49 -160.193389893 -52.0968017578 3 57 -168.384094238 -51.3976593018 4 46 -171.030944824 -50.876953125 6 39 -116.876220703 -49.6646575928 7 45 -104.312484741 -51.3358154297 8 47 -99.2216339111 -51.1443481445 9 59 -83.2245483398 -48.4217681885 10 49 -43.1167602539 -46.8356170654 11 63 82.5219726563 -45.4178466797 12 52 -17.491973877 -45.1046142578 17 38 -81.2355041504 -48.1719055176 15 58 -55.4601593018 -47.5623931885 16 55 55.6695556641 -45.2661895752 14 55 14.6890563965 -45.1664886475
-8.78379918649 0.271667651235 37.4962154929
0 0 0
6 0 26 -223.203186035 -165.181396484 2 23 -244.491485596 -166.378234863 1 24 -234.957977295 -165.154602051 3 19 -252.065826416 -163.946380615 4 20 -255.441390991 -164.412078857 5 23 -212.22946167 -165.699279785
-6.33708371706 -4.10905786187 35.9956472332
0 0 0
14 0 12 -146.833770752 -54.6390075684 14 6 4.76815795898 -48.7494659424 1 11 -158.958816528 -54.9231567383 2 7 -169.880706787 -54.5387878418 5 7 -136.290390015 -55.0316772461 6 8 -128.009399414 -55.6692199707 7 11 -113.626556396 -53.651763916 10 11 -54.4252624512 -50.9324493408 11 9 72.600402832 -49.5598297119 8 9 -109.296966553 -55.0840454102 12 11 -27.561340332 -48.3090362549 9 11 -92.3902435303 -52.2943572998 15 12 -64.7033081055 -51.2948455811 17 6 -91.9970550537 -53.0628051758
6.45817364734 -11.3332813344 37.3557402917
1 1 1
10 0 42 108.300018311 73.1456069946 2 38 87.7559204102 72.1452941895 1 40 97.0163879395 73.0035171509 3 38 80.5249938965 72.2008056641 4 36 77.3562011719 72.9905776978 5 35 117.150756836 73.4213104248 8 35 141.565917969 73.2529754639 9 39 153.860992432 75.9266891479 10 40 185.353759766 76.1956481934 13 28 140.628967285 73.107170105
6.45817364734 -11.3332813344 37.3557402917
1 1 1
10 0 41 108.300018311 73.1456069946 2 39 87.7559204102 72.1452941895 1 39 97.0163879395 73.0035171509 3 39 80.5249938965 72.2008056641 4 35 77.3562011719 72.9905776978 5 34 117.150756836 73.4213104248 8 34 141.565917969 73.2529754639 9 38 153.860992432 75.9266891479 10 39 185.353759766 76.1956481934 13 27 140.628967285 73.107170105
-5.92756479638 -3.47177899614 35.9743193941
255 255 255
16 0 51 -138.920043945 -66.7572937012 2 48 -161.975997925 -67.7766723633 3 42 -169.255584717 -68.0248718262 5 47 -127.955337524 -66.9720458984 6 45 -120.337417603 -67.513671875 7 50 -106.223449707 -65.5854797363 8 43 -100.929168701 -66.7267456055 9 44 -83.9181365967 -65.5943908691 10 46 -46.0022277832 -64.3855285645 17 47 -85.2595672607 -64.5511474609 11 50 80.9555358887 -60.7600708008 16 50 54.0953063965 -59.8578796387 12 41 -18.9245605469 -61.6894226074 13 37 -101.02545166 -66.8675231934 14 28 14.2280273438 -62.7318725586 15 46 -56.9429321289 -63.5604858398
-16.7917451969 -10.787511117 48.0468833793
0 0 0
6 0 40 -290.783874512 31.4439697266 2 35 -290.970397949 24.3834686279 1 38 -291.330200195 28.4556427002 3 35 -290.678436279 22.153427124 5 33 -290.884460449 34.526260376 13 30 -290.864501953 39.672958374
-16.7917451969 -10.787511117 48.0468833793
0 0 0
6 0 39 -290.783874512 31.4439697266 2 34 -290.970397949 24.3834686279 1 37 -291.330200195 28.4556427002 3 34 -290.678436279 22.153427124 5 32 -290.884460449 34.526260376 13 29 -290.864501953 39.672958374
-6.50742630687 -0.590890158351 37.4395713336
255 255 255
4 1 8 -165.633407593 -133.51260376 2 4 -175.315719604 -133.354217529 3 8 -183.020629883 -132.319488525 4 9 -186.170562744 -133.267730713
-6.50742550374 -0.590889384199 37.4395675631
255 255 255
4 1 9 -165.633407593 -133.51260376 2 5 -175.315719604 -133.354217529 3 9 -183.020629883 -132.319488525 4 10 -186.170562744 -133.267730713
-10.9349688654 -3.1859325103 37.6485199381
0 0 0
4 1 18 -275.027374268 -86.1317749023 2 13 -282.333343506 -86.1538391113 6 16 -253.804275513 -86.6253662109 5 18 -259.478210449 -86.3348693848
-11.4682334265 -3.28857470701 38.8669433471
0 0 0
5 1 19 -275.027374268 -86.1317749023 2 14 -282.333343506 -86.1538391113 3 17 -287.678314209 -86.0223083496 6 15 -253.804275513 -86.6253662109 5 17 -259.478210449 -86.3348693848
-7.74549761432 -3.12291517797 36.893857199
254 254 254
16 0 73 -176.207855225 -76.3456420898 13 53 -139.547241211 -79.7197875977 1 63 -188.408096313 -78.1763916016 2 62 -198.164703369 -77.1705932617 3 80 -207.548187256 -79.7837219238 4 70 -209.597595215 -77.9777526855 5 64 -165.544372559 -78.7158203125 9 67 -122.197937012 -74.2788391113 12 77 -58.546585083 -73.7304992676 17 53 -122.16204834 -75.1581726074 6 74 -157.544418335 -77.8065795898 14 77 -25.5411071777 -69.7817382813 7 66 -143.590164185 -78.9644470215 16 71 15.4566650391 -70.7182922363 15 67 -95.5459136963 -76.7002258301 11 78 43.3864746094 -65.9608154297
-8.21569565306 -10.7613481728 33.3994618881
254 254 254
4 1 22 -217.898986816 97.1457748413 2 20 -227.846801758 96.5513534546 3 20 -235.371520996 98.1306686401 5 20 -195.740112305 96.5907592773
-5.90796297614 -3.6299790569 35.9994815017
254 254 254
2 10 57 -47.2519989014 -62.6364135742 14 47 12.703338623 -60.439666748
-8.12031070032 -11.3597918966 32.2179562421
0 0 0
2 3 29 -248.741836548 123.327781677 4 26 -248.988189697 123.390281677
-8.12031070032 -11.3597918966 32.2179562421
0 0 0
2 3 30 -248.741836548 123.327781677 4 27 -248.988189697 123.390281677
-6.79900284208 -1.96879838023 36.866835527
0 0 0
4 2 6 -180.351470947 -102.697875977 13 8 -120.284835815 -102.446594238 4 11 -192.084701538 -101.828948975 8 8 -120.378738403 -102.539642334
-6.33708371706 -4.10905786187 35.9956472332
0 0 0
14 0 13 -146.833770752 -54.6390075684 14 7 4.76815795898 -48.7494659424 1 12 -158.958816528 -54.9231567383 2 8 -169.880706787 -54.5387878418 5 8 -136.290390015 -55.0316772461 6 9 -128.009399414 -55.6692199707 7 12 -113.626556396 -53.651763916 10 12 -54.4252624512 -50.9324493408 11 8 72.600402832 -49.5598297119 8 10 -109.296966553 -55.0840454102 12 12 -27.561340332 -48.3090362549 9 12 -92.3902435303 -52.2943572998 15 13 -64.7033081055 -51.2948455811 17 7 -91.9970550537 -53.0628051758
