# Camera parameter file. 

# The format of each camera is as follows:
# Filename (of the undistorted image in visualize folder)
# Original filename
# Focal Length (of the undistorted image)
# 2-vec Principal Point (image center)
# 3-vec Translation T (as in P = K[R T])
# 3-vec Camera Position C (as in P = K[R -RC])
# 3-vec Axis Angle format of R
# 4-vec Quaternion format of R
# 3x3 Matrix format of R
# [Normalized radial distortion] = [radial distortion] * [focal length]^2
# 3-vec Lat/Lng/Alt from EXIF

# The nubmer of cameras in this reconstruction
18

00000000.jpg
C:\Users\chin1\Desktop\final\masked\masked26.jpg
694.905029297
300 200
-3.86116199845 0.171891489853 0.515307334131
3.88638130113 -0.198721062769 -0.245395757208
-0.186370711334 0.0783507564533 0.0252010757903
0.994815976791 -0.0930242749321 0.0391076594454 0.0125787565338
0.996624448785 -0.0323030563921 0.0754696065549
0.0177511354799 0.982376496526 0.186067884571
-0.08015009117 -0.184100255156 0.979634365403
-1.23762684703
0 0 0

00000001.jpg
C:\Users\chin1\Desktop\final\masked\masked27.jpg
682.552185059
300 200
-4.40542837271 -0.183515969719 -0.238567890544
4.37416243724 0.00182565303394 0.604222039457
-0.195810606201 0.0788496637824 0.0224371013747
0.994372415156 -0.0977215773049 0.0393508485791 0.0111974983329
0.996652444347 -0.0299599092494 0.0760703533863
0.0145780245944 0.980650129705 0.195224582258
-0.0804472399738 -0.193461981092 0.977803426041
-1.08086448251
0 0 0

00000002.jpg
C:\Users\chin1\Desktop\final\masked\masked28.jpg
650.91809082
300 200
-4.61002941394 -0.557818450173 -2.06628116384
4.45224932982 -0.00230266140442 2.4516316325
-0.206106885305 0.0720697503255 0.0203675739044
0.993995006023 -0.10284708152 0.0359627165094 0.0101633942535
0.997207239395 -0.0276020963282 0.0694030008874
0.0128073562006 0.978638415174 0.205190034812
-0.0735840415659 -0.203727906848 0.976258633423
-0.889062347734
0 0 0

00000003.jpg
C:\Users\chin1\Desktop\final\masked\masked29.jpg
681.40612793
300 200
-5.6352100003 -1.17152193455 -0.435190985169
5.58786884294 0.85925490325 1.16395903054
-0.222018267452 0.0890701575876 0.0237442521435
0.992785167481 -0.110742034326 0.0444279228109 0.0118435605146
0.995772562316 -0.0333563825698 0.0855916379781
0.0136760622664 0.975192089236 0.220938453403
-0.0908378931764 -0.218833742977 0.971524903529
-0.898500345229
0 0 0

00000004.jpg
C:\Users\chin1\Desktop\final\masked\masked30.jpg
764.584411621
300 200
-5.75427256263 -2.5165814435 3.98800708098
6.09805320943 3.2945075948 -2.7035243591
-0.256665403591 0.0895668640979 0.0144492571471
0.990750613994 -0.127936791046 0.0446452736383 0.00720234034873
0.995909474154 -0.0256950032077 0.0866217530214
0.00284788928311 0.967159879257 0.254149995789
-0.0903075760547 -0.252863821337 0.963277763104
-1.09802206036
0 0 0

00000005.jpg
C:\Users\chin1\Desktop\final\masked\masked25.jpg
613.992431641
300 200
-2.47621944668 0.904606189576 -3.64346571543
2.24879365545 -1.56918817037 3.56446253838
-0.167476520461 0.0543305133171 0.0250794312143
0.996049004556 -0.0836279479933 0.0271294706244 0.0125231964667
0.998214384735 -0.0294850068681 0.0519499771786
0.0204098626299 0.985699404382 0.167274611337
-0.0561391516595 -0.16591552607 0.984540688793
-1.11296270502
0 0 0

00000006.jpg
C:\Users\chin1\Desktop\final\masked\masked24.jpg
436.099029541
300 200
0.518629062709 2.48313020959 -11.8275107724
-0.339004285644 -3.97518776373 11.4196294243
-0.129249884207 -0.0235557541656 0.0292486620468
0.997736237058 -0.064576169557 -0.0117689883003 0.0146132940175
0.999295692411 -0.027640450177 -0.0253720597158
0.0306804017593 0.99123208219 0.128515923566
0.021597324687 -0.129204014104 0.991382620354
-0.656106259007
0 0 0

00000007.jpg
C:\Users\chin1\Desktop\final\masked\masked23.jpg
280.809631348
300 200
4.99605534858 -5.38089547591 -19.4861271982
-2.53926355341 -1.4913935365 20.6143563872
-0.330770145941 -0.125537704939 -0.0444045464815
0.984149476671 -0.16451033279 -0.0624368609759 -0.02208484293
0.99122778889 0.0640126058899 -0.115628095279
-0.0229265405578 0.944897073731 0.326563304187
0.130160720939 -0.321047727501 0.938075907103
-0.239810664165
0 0 0

00000008.jpg
C:\Users\chin1\Desktop\final\masked\masked21.jpg
742.302368164
300 200
2.27358392433 -1.47791836655 0.0634216757934
-2.23460477933 1.49264488647 0.36878426975
-0.234223520137 -0.0364998907436 0.022367492397
0.992921716842 -0.116835312726 -0.0182068655914 0.0111573464849
0.999088021333 -0.0179023326407 -0.0387631273514
0.0264111538682 0.972450054572 0.23161035575
0.0335488416139 -0.232422921447 0.972036067204
0
0 0 0

00000009.jpg
C:\Users\chin1\Desktop\final\masked\masked20.jpg
471.332122803
300 200
5.31648513315 -4.42390563109 -13.821445175
-4.09075877971 -4.4408920985e-016 14.9041600283
-0.301736762367 -0.0863957832146 -0.011415853706
0.987695368781 -0.150249078825 -0.0430205677973 -0.00568449628035
0.99623385281 0.0241567019079 -0.0832742503279
0.00169849930814 0.954785803793 0.297289734788
0.0866906119748 -0.296311542487 0.95114890944
0
0 0 0

00000010.jpg
C:\Users\chin1\Desktop\final\masked\masked17.jpg
455.740753174
300 200
3.73477234109 -4.59080448444 -14.2672609558
-3.73514605109 0.0193301082961 14.9875633109
-0.307552848057 -0.0015207061102 -0.00981092180782
0.988187413982 -0.15317044677 -0.000757356778766 -0.00488613025703
0.99995112432 0.00988883205428 -6.93889390391e-018
-0.009424817638 0.953029851548 0.302729613193
0.00299364174668 -0.302714817574 0.953076484741
0
0 0 0

00000011.jpg
C:\Users\chin1\Desktop\final\masked\masked6.jpg
920.732177734
300 200
-1.9187983511 5.27473134383 5.48914879084
3.5853584495 -5.12004826928 -4.75033079154
-0.0270075075914 0.317191121221 -0.00548777075147
0.987355521739 -0.0134467896988 0.157926542719 -0.00273231059772
0.950103493118 0.00114831472845 0.311932763008
-0.00964273309461 0.999623435413 0.0256905159217
-0.311785812923 -0.0274165323132 0.949756776706
0
0 0 0

00000012.jpg
C:\Users\chin1\Desktop\final\masked\masked15.jpg
314.311889648
300 200
14.2445916091 -14.4107129462 -15.3753976164
-8.61421703657 2.25147165111 23.8265821347
-0.622340604061 -0.257503160576 0.0441320157369
0.943592996741 -0.305297271783 -0.126321522148 0.0216495338964
0.967148324791 0.0362745360731 -0.251611292316
0.117987930343 0.812649732747 0.570683141771
0.225173122229 -0.581622328542 0.781672916455
0
0 0 0

00000013.jpg
C:\Users\chin1\Desktop\final\masked\masked22.jpg
938.582336426
300 200
6.58250585997 1.56558325 10.0106945459
-8.06416395436 0 -8.99798276985
-0.151955579954 -0.153985502552 0.0157309275193
0.994124577896 -0.0758289310822 -0.0768419038258 0.00785005341085
0.988067412542 -0.00395418413967 -0.153971372046
0.0272615399944 0.988376682907 0.14956037995
0.151590328776 -0.151973236468 0.976690610059
0
0 0 0

00000014.jpg
C:\Users\chin1\Desktop\final\masked\masked12.jpg
439.013366699
300 200
1.52834075827 2.82967384344 -16.889733188
-4.01164092663 -4.33197554754 16.1476523313
-0.104342030299 0.13223276847 0.0814723747534
0.995626882773 -0.0520949429661 0.0660199778743 0.0406767886723
0.987973522426 -0.0878764207573 0.127224423133
0.0741191964708 0.991263048288 0.109105212869
-0.135700635954 -0.0983632898258 0.985854988091
0
0 0 0

00000015.jpg
C:\Users\chin1\Desktop\final\masked\masked18.jpg
495.072479248
300 200
9.93298570416 0.41961861089 -10.7256982438
-7.81102639747 -2.06792239289 12.1898503401
-0.190010661623 -0.19061985814 0.0607829304941
0.990498268769 -0.0947042347315 -0.0950078676406 0.0302951469565
0.980111414532 -0.0420192846452 -0.193948418273
0.0780098778051 0.980226645392 0.181852210829
0.182472095397 -0.193365311358 0.964009221815
0
0 0 0

00000016.jpg
C:\Users\chin1\Desktop\final\masked\masked8.jpg
2272.88574219
300 200
-0.892984289739 5.15228630186 65.0827370016
16.2820703446 -3.65953956002 -63.1237509673
-0.0360012726921 0.245246020045 0.0959355967356
0.991182326786 -0.0179476972693 0.122262381164 0.0478267271906
0.965529031846 -0.0991986687551 0.240651871069
0.0904213582023 0.99478098647 0.0472736933009
-0.244085374692 -0.0238840680584 0.969459601418
0
0 0 0

00000017.jpg
C:\Users\chin1\Desktop\final\masked\masked19.jpg
387.82598877
300 200
7.99314652047 -5.34285450899 -14.2916974833
-5.2043621852 0 16.4196135733
-0.346873007383 -0.17794868307 0.0078010755588
0.981054197623 -0.172339816087 -0.0884117318456 0.0038758735862
0.984336709609 0.0228688371442 -0.174809337544
0.038078605349 0.940567929615 0.337464054071
0.172137465041 -0.338834745887 0.92496471547
0
0 0 0

